1 1 1 1 8 w
1 1 1 2 1 w
1 1 1 3 7 w
1 1 1 4 3 w
1 1 1 5 7 w
1 1 1 6 5 w
1 1 1 7 8 w
1 1 1 8 5 w
1 1 1 9 4 w
1 1 2 1 6 w
1 1 2 2 6 w
1 1 2 3 4 w
1 1 2 4 6 w
1 1 2 5 2 w
1 1 2 6 8 w
1 1 2 7 2 w
1 1 2 8 7 w
1 1 2 9 8 w
1 1 3 1 5 w
1 1 3 2 3 w
1 1 3 3 6 w
1 1 3 4 2 w
1 1 3 5 4 w
1 1 3 6 1 w
1 1 3 7 5 w
1 1 3 8 9 w
1 1 3 9 7 w
1 1 4 1 1 w
1 1 4 2 6 w
1 1 4 3 4 w
1 1 4 4 8 w
1 1 4 5 5 w
1 1 4 6 3 w
1 1 4 7 7 w
1 1 4 8 9 w
1 1 4 9 3 w
1 1 5 1 7 w
1 1 5 2 3 w
1 1 5 3 8 w
1 1 5 4 2 w
1 1 5 5 6 w
1 1 5 6 8 w
1 1 5 7 9 w
1 1 5 8 8 w
1 1 5 9 8 w
1 1 6 1 2 w
1 1 6 2 7 w
1 1 6 3 1 w
1 1 6 4 5 w
1 1 6 5 7 w
1 1 6 6 1 w
1 1 6 7 7 w
1 1 6 8 3 w
1 1 6 9 5 w
1 1 7 1 8 w
1 1 7 2 1 w
1 1 7 3 8 w
1 1 7 4 5 w
1 1 7 5 1 w
1 1 7 6 1 w
1 1 7 7 4 w
1 1 7 8 1 w
1 1 7 9 8 w
1 1 8 1 6 w
1 1 8 2 3 w
1 1 8 3 3 w
1 1 8 4 3 w
1 1 8 5 2 w
1 1 8 6 9 w
1 1 8 7 2 w
1 1 8 8 8 w
1 1 8 9 3 w
1 1 9 1 8 w
1 1 9 2 4 w
1 1 9 3 9 w
1 1 9 4 6 w
1 1 9 5 7 w
1 1 9 6 3 w
1 1 9 7 1 w
1 1 9 8 8 w
1 1 9 9 6 w
1 2 1 1 2 w
1 2 1 2 2 w
1 2 1 3 9 w
1 2 1 4 1 w
1 2 1 5 7 w
1 2 1 6 3 w
1 2 1 7 2 w
1 2 1 8 8 w
1 2 1 9 1 w
1 2 2 1 5 w
1 2 2 2 4 w
1 2 2 3 2 w
1 2 2 4 7 w
1 2 2 5 4 w
1 2 2 6 2 w
1 2 2 7 9 w
1 2 2 8 4 w
1 2 2 9 5 w
1 2 3 1 7 w
1 2 3 2 9 w
1 2 3 3 2 w
1 2 3 4 8 t
1 2 3 5 7 w
1 2 3 6 1 w
1 2 3 7 9 w
1 2 3 8 7 w
1 2 3 9 1 w
1 2 4 1 5 w
1 2 4 2 3 w
1 2 4 3 4 w
1 2 4 4 9 w
1 2 4 5 3 w
1 2 4 6 5 w
1 2 4 7 9 w
1 2 4 8 9 w
1 2 4 9 5 w
1 2 5 1 7 w
1 2 5 2 7 w
1 2 5 3 5 w
1 2 5 4 9 w
1 2 5 5 9 w
1 2 5 6 4 w
1 2 5 7 9 w
1 2 5 8 1 w
1 2 5 9 7 w
1 2 6 1 8 w
1 2 6 2 4 w
1 2 6 3 8 w
1 2 6 4 4 w
1 2 6 5 6 w
1 2 6 6 8 w
1 2 6 7 6 w
1 2 6 8 9 w
1 2 6 9 6 w
1 2 7 1 4 w
1 2 7 2 1 w
1 2 7 3 5 w
1 2 7 4 9 w
1 2 7 5 9 w
1 2 7 6 8 t
1 2 7 7 8 w
1 2 7 8 6 w
1 2 7 9 6 w
1 2 8 1 7 w
1 2 8 2 7 w
1 2 8 3 7 w
1 2 8 4 4 w
1 2 8 5 2 w
1 2 8 6 1 w
1 2 8 7 1 w
1 2 8 8 7 w
1 2 8 9 2 w
1 2 9 1 6 w
1 2 9 2 8 w
1 2 9 3 2 w
1 2 9 4 3 w
1 2 9 5 6 w
1 2 9 6 2 w
1 2 9 7 6 w
1 2 9 8 6 w
1 2 9 9 6 w
1 3 1 1 4 w
1 3 1 2 2 w
1 3 1 3 1 w
1 3 1 4 4 w
1 3 1 5 9 w
1 3 1 6 3 w
1 3 1 7 7 w
1 3 1 8 4 w
1 3 1 9 5 w
1 3 2 1 8 w
1 3 2 2 2 w
1 3 2 3 6 w
1 3 2 4 6 w
1 3 2 5 5 w
1 3 2 6 9 w
1 3 2 7 4 w
1 3 2 8 7 w
1 3 2 9 1 w
1 3 3 1 5 w
1 3 3 2 9 w
1 3 3 3 6 w
1 3 3 4 6 w
1 3 3 5 5 w
1 3 3 6 1 w
1 3 3 7 8 w
1 3 3 8 8 w
1 3 3 9 4 w
1 3 4 1 4 w
1 3 4 2 8 w
1 3 4 3 1 w
1 3 4 4 2 w
1 3 4 5 6 w
1 3 4 6 4 w
1 3 4 7 3 w
1 3 4 8 8 w
1 3 4 9 7 w
1 3 5 1 4 w
1 3 5 2 5 w
1 3 5 3 6 w
1 3 5 4 1 w
1 3 5 5 5 w
1 3 5 6 7 w
1 3 5 7 4 w
1 3 5 8 1 w
1 3 5 9 6 w
1 3 6 1 3 w
1 3 6 2 2 w
1 3 6 3 4 w
1 3 6 4 5 w
1 3 6 5 4 w
1 3 6 6 1 w
1 3 6 7 5 w
1 3 6 8 3 w
1 3 6 9 2 w
1 3 7 1 1 w
1 3 7 2 9 w
1 3 7 3 3 w
1 3 7 4 6 w
1 3 7 5 7 w
1 3 7 6 2 w
1 3 7 7 9 w
1 3 7 8 1 w
1 3 7 9 9 w
1 3 8 1 4 w
1 3 8 2 6 w
1 3 8 3 8 w
1 3 8 4 7 w
1 3 8 5 3 w
1 3 8 6 9 t
1 3 8 7 6 w
1 3 8 8 1 w
1 3 8 9 6 w
1 3 9 1 7 w
1 3 9 2 6 w
1 3 9 3 6 w
1 3 9 4 5 w
1 3 9 5 4 w
1 3 9 6 7 w
1 3 9 7 7 w
1 3 9 8 2 w
1 3 9 9 6 w
1 4 1 1 8 w
1 4 1 2 9 w
1 4 1 3 7 w
1 4 1 4 6 w
1 4 1 5 9 w
1 4 1 6 1 w
1 4 1 7 9 w
1 4 1 8 5 w
1 4 1 9 9 w
1 4 2 1 1 w
1 4 2 2 4 w
1 4 2 3 8 w
1 4 2 4 3 w
1 4 2 5 7 w
1 4 2 6 9 w
1 4 2 7 5 w
1 4 2 8 9 w
1 4 2 9 5 w
1 4 3 1 5 w
1 4 3 2 6 w
1 4 3 3 6 w
1 4 3 4 4 w
1 4 3 5 4 w
1 4 3 6 8 w
1 4 3 7 1 w
1 4 3 8 6 t
1 4 3 9 8 w
1 4 4 1 1 w
1 4 4 2 9 w
1 4 4 3 7 w
1 4 4 4 6 w
1 4 4 5 3 w
1 4 4 6 1 w
1 4 4 7 5 w
1 4 4 8 6 w
1 4 4 9 7 w
1 4 5 1 5 w
1 4 5 2 6 w
1 4 5 3 4 w
1 4 5 4 9 w
1 4 5 5 5 w
1 4 5 6 9 w
1 4 5 7 2 w
1 4 5 8 5 w
1 4 5 9 2 w
1 4 6 1 8 w
1 4 6 2 2 w
1 4 6 3 3 w
1 4 6 4 8 w
1 4 6 5 7 w
1 4 6 6 5 w
1 4 6 7 9 w
1 4 6 8 3 w
1 4 6 9 5 w
1 4 7 1 6 w
1 4 7 2 3 w
1 4 7 3 4 w
1 4 7 4 1 w
1 4 7 5 5 w
1 4 7 6 3 w
1 4 7 7 3 w
1 4 7 8 5 w
1 4 7 9 1 w
1 4 8 1 4 w
1 4 8 2 4 w
1 4 8 3 7 w
1 4 8 4 5 w
1 4 8 5 3 w
1 4 8 6 1 w
1 4 8 7 7 w
1 4 8 8 4 w
1 4 8 9 7 w
1 4 9 1 2 w
1 4 9 2 4 w
1 4 9 3 1 w
1 4 9 4 8 w
1 4 9 5 2 w
1 4 9 6 3 w
1 4 9 7 2 w
1 4 9 8 2 w
1 4 9 9 8 w
1 5 1 1 5 w
1 5 1 2 7 w
1 5 1 3 7 w
1 5 1 4 5 w
1 5 1 5 7 w
1 5 1 6 2 w
1 5 1 7 7 w
1 5 1 8 3 w
1 5 1 9 3 w
1 5 2 1 3 w
1 5 2 2 8 w
1 5 2 3 6 w
1 5 2 4 2 w
1 5 2 5 6 w
1 5 2 6 4 w
1 5 2 7 9 w
1 5 2 8 6 w
1 5 2 9 8 w
1 5 3 1 9 w
1 5 3 2 7 w
1 5 3 3 8 w
1 5 3 4 4 w
1 5 3 5 6 w
1 5 3 6 8 w
1 5 3 7 9 w
1 5 3 8 4 w
1 5 3 9 5 w
1 5 4 1 6 w
1 5 4 2 8 w
1 5 4 3 8 w
1 5 4 4 3 w
1 5 4 5 9 w
1 5 4 6 9 w
1 5 4 7 7 w
1 5 4 8 3 w
1 5 4 9 2 w
1 5 5 1 4 w
1 5 5 2 6 w
1 5 5 3 1 w
1 5 5 4 6 w
1 5 5 5 6 w
1 5 5 6 5 w
1 5 5 7 4 w
1 5 5 8 4 w
1 5 5 9 5 w
1 5 6 1 9 w
1 5 6 2 7 w
1 5 6 3 7 w
1 5 6 4 4 w
1 5 6 5 9 w
1 5 6 6 8 w
1 5 6 7 7 w
1 5 6 8 1 w
1 5 6 9 7 w
1 5 7 1 6 w
1 5 7 2 5 w
1 5 7 3 1 w
1 5 7 4 7 w
1 5 7 5 1 w
1 5 7 6 1 w
1 5 7 7 7 w
1 5 7 8 1 w
1 5 7 9 3 w
1 5 8 1 9 w
1 5 8 2 7 w
1 5 8 3 1 w
1 5 8 4 9 w
1 5 8 5 4 w
1 5 8 6 3 w
1 5 8 7 7 w
1 5 8 8 1 w
1 5 8 9 1 w
1 5 9 1 3 w
1 5 9 2 8 w
1 5 9 3 5 w
1 5 9 4 9 w
1 5 9 5 3 w
1 5 9 6 2 w
1 5 9 7 4 w
1 5 9 8 5 w
1 5 9 9 8 w
1 6 1 1 9 w
1 6 1 2 5 w
1 6 1 3 5 w
1 6 1 4 5 w
1 6 1 5 3 w
1 6 1 6 9 w
1 6 1 7 5 w
1 6 1 8 2 w
1 6 1 9 4 w
1 6 2 1 5 w
1 6 2 2 2 w
1 6 2 3 8 w
1 6 2 4 1 w
1 6 2 5 7 w
1 6 2 6 6 w
1 6 2 7 6 w
1 6 2 8 6 w
1 6 2 9 3 w
1 6 3 1 1 w
1 6 3 2 1 w
1 6 3 3 5 w
1 6 3 4 6 w
1 6 3 5 9 w
1 6 3 6 8 w
1 6 3 7 6 w
1 6 3 8 9 w
1 6 3 9 8 w
1 6 4 1 8 w
1 6 4 2 3 w
1 6 4 3 4 w
1 6 4 4 8 w
1 6 4 5 6 w
1 6 4 6 3 w
1 6 4 7 8 w
1 6 4 8 1 w
1 6 4 9 4 w
1 6 5 1 2 w
1 6 5 2 3 w
1 6 5 3 8 w
1 6 5 4 6 w
1 6 5 5 1 w
1 6 5 6 3 w
1 6 5 7 9 w
1 6 5 8 6 w
1 6 5 9 4 w
1 6 6 1 4 w
1 6 6 2 1 w
1 6 6 3 9 w
1 6 6 4 2 w
1 6 6 5 8 w
1 6 6 6 4 w
1 6 6 7 2 w
1 6 6 8 2 w
1 6 6 9 1 w
1 6 7 1 8 w
1 6 7 2 9 t
1 6 7 3 1 w
1 6 7 4 5 w
1 6 7 5 5 w
1 6 7 6 4 w
1 6 7 7 6 w
1 6 7 8 9 t
1 6 7 9 8 t
1 6 8 1 8 w
1 6 8 2 8 w
1 6 8 3 3 w
1 6 8 4 7 w
1 6 8 5 5 w
1 6 8 6 4 w
1 6 8 7 2 w
1 6 8 8 3 w
1 6 8 9 4 w
1 6 9 1 2 w
1 6 9 2 4 w
1 6 9 3 6 w
1 6 9 4 6 w
1 6 9 5 5 w
1 6 9 6 2 w
1 6 9 7 6 w
1 6 9 8 4 w
1 6 9 9 4 w
1 7 1 1 4 w
1 7 1 2 3 w
1 7 1 3 1 w
1 7 1 4 3 w
1 7 1 5 9 w
1 7 1 6 4 w
1 7 1 7 5 w
1 7 1 8 1 w
1 7 1 9 5 w
1 7 2 1 9 w
1 7 2 2 7 w
1 7 2 3 3 w
1 7 2 4 5 w
1 7 2 5 8 w
1 7 2 6 6 w
1 7 2 7 4 w
1 7 2 8 3 w
1 7 2 9 5 w
1 7 3 1 9 w
1 7 3 2 3 w
1 7 3 3 2 w
1 7 3 4 5 w
1 7 3 5 4 w
1 7 3 6 9 w
1 7 3 7 2 w
1 7 3 8 6 w
1 7 3 9 6 w
1 7 4 1 4 w
1 7 4 2 3 w
1 7 4 3 3 w
1 7 4 4 6 w
1 7 4 5 2 w
1 7 4 6 1 w
1 7 4 7 6 w
1 7 4 8 5 w
1 7 4 9 1 w
1 7 5 1 1 w
1 7 5 2 7 w
1 7 5 3 2 w
1 7 5 4 6 w
1 7 5 5 6 w
1 7 5 6 6 w
1 7 5 7 7 w
1 7 5 8 9 w
1 7 5 9 8 w
1 7 6 1 5 w
1 7 6 2 8 t
1 7 6 3 4 w
1 7 6 4 2 w
1 7 6 5 6 w
1 7 6 6 9 w
1 7 6 7 5 w
1 7 6 8 9 t
1 7 6 9 8 t
1 7 7 1 2 w
1 7 7 2 1 w
1 7 7 3 4 w
1 7 7 4 3 w
1 7 7 5 5 w
1 7 7 6 1 w
1 7 7 7 8 w
1 7 7 8 9 w
1 7 7 9 1 w
1 7 8 1 6 w
1 7 8 2 8 w
1 7 8 3 1 w
1 7 8 4 8 w
1 7 8 5 3 w
1 7 8 6 2 w
1 7 8 7 2 w
1 7 8 8 8 w
1 7 8 9 3 w
1 7 9 1 6 w
1 7 9 2 8 w
1 7 9 3 1 w
1 7 9 4 9 w
1 7 9 5 6 w
1 7 9 6 9 w
1 7 9 7 9 w
1 7 9 8 8 w
1 7 9 9 6 w
1 8 1 1 3 w
1 8 1 2 6 w
1 8 1 3 3 w
1 8 1 4 6 w
1 8 1 5 5 w
1 8 1 6 7 w
1 8 1 7 4 w
1 8 1 8 1 w
1 8 1 9 7 w
1 8 2 1 3 w
1 8 2 2 3 w
1 8 2 3 5 w
1 8 2 4 6 w
1 8 2 5 5 w
1 8 2 6 8 w
1 8 2 7 8 w
1 8 2 8 7 w
1 8 2 9 9 w
1 8 3 1 4 w
1 8 3 2 8 w
1 8 3 3 9 w
1 8 3 4 9 t
1 8 3 5 7 w
1 8 3 6 9 t
1 8 3 7 3 w
1 8 3 8 7 w
1 8 3 9 6 t
1 8 4 1 4 w
1 8 4 2 7 w
1 8 4 3 6 w
1 8 4 4 7 w
1 8 4 5 2 w
1 8 4 6 1 w
1 8 4 7 7 w
1 8 4 8 5 w
1 8 4 9 9 w
1 8 5 1 1 w
1 8 5 2 2 w
1 8 5 3 6 w
1 8 5 4 4 w
1 8 5 5 9 w
1 8 5 6 4 w
1 8 5 7 7 w
1 8 5 8 7 w
1 8 5 9 3 w
1 8 6 1 5 w
1 8 6 2 3 w
1 8 6 3 3 w
1 8 6 4 5 w
1 8 6 5 7 w
1 8 6 6 2 w
1 8 6 7 3 w
1 8 6 8 6 w
1 8 6 9 6 w
1 8 7 1 2 w
1 8 7 2 5 w
1 8 7 3 2 w
1 8 7 4 8 w
1 8 7 5 1 w
1 8 7 6 4 w
1 8 7 7 6 w
1 8 7 8 7 w
1 8 7 9 1 w
1 8 8 1 4 w
1 8 8 2 1 w
1 8 8 3 7 w
1 8 8 4 8 w
1 8 8 5 5 w
1 8 8 6 5 w
1 8 8 7 5 w
1 8 8 8 4 w
1 8 8 9 8 w
1 8 9 1 6 w
1 8 9 2 4 w
1 8 9 3 8 w
1 8 9 4 8 w
1 8 9 5 8 w
1 8 9 6 8 w
1 8 9 7 9 w
1 8 9 8 8 w
1 8 9 9 1 w
1 9 1 1 7 w
1 9 1 2 3 w
1 9 1 3 7 w
1 9 1 4 1 w
1 9 1 5 5 w
1 9 1 6 8 w
1 9 1 7 9 w
1 9 1 8 5 w
1 9 1 9 5 w
1 9 2 1 9 w
1 9 2 2 1 w
1 9 2 3 4 w
1 9 2 4 3 w
1 9 2 5 7 w
1 9 2 6 9 w
1 9 2 7 1 w
1 9 2 8 7 w
1 9 2 9 6 w
1 9 3 1 2 w
1 9 3 2 3 w
1 9 3 3 3 w
1 9 3 4 6 t
1 9 3 5 4 w
1 9 3 6 3 w
1 9 3 7 9 w
1 9 3 8 6 t
1 9 3 9 2 w
1 9 4 1 5 w
1 9 4 2 1 w
1 9 4 3 8 w
1 9 4 4 4 w
1 9 4 5 2 w
1 9 4 6 2 w
1 9 4 7 9 w
1 9 4 8 6 w
1 9 4 9 6 w
1 9 5 1 8 w
1 9 5 2 9 w
1 9 5 3 6 w
1 9 5 4 1 w
1 9 5 5 8 w
1 9 5 6 1 w
1 9 5 7 6 w
1 9 5 8 1 w
1 9 5 9 3 w
1 9 6 1 2 w
1 9 6 2 4 w
1 9 6 3 7 w
1 9 6 4 9 w
1 9 6 5 8 w
1 9 6 6 3 w
1 9 6 7 6 w
1 9 6 8 9 w
1 9 6 9 9 w
1 9 7 1 9 w
1 9 7 2 4 w
1 9 7 3 9 w
1 9 7 4 1 w
1 9 7 5 6 w
1 9 7 6 9 w
1 9 7 7 2 w
1 9 7 8 3 w
1 9 7 9 2 w
1 9 8 1 9 w
1 9 8 2 8 w
1 9 8 3 6 t
1 9 8 4 3 w
1 9 8 5 9 w
1 9 8 6 3 w
1 9 8 7 5 w
1 9 8 8 6 w
1 9 8 9 1 w
1 9 9 1 8 w
1 9 9 2 1 w
1 9 9 3 6 w
1 9 9 4 1 w
1 9 9 5 3 w
1 9 9 6 5 w
1 9 9 7 5 w
1 9 9 8 2 w
1 9 9 9 4 w
2 1 1 1 9 w
2 1 1 2 3 w
2 1 1 3 6 w
2 1 1 4 1 w
2 1 1 5 4 w
2 1 1 6 8 w
2 1 1 7 3 w
2 1 1 8 8 w
2 1 1 9 4 w
2 1 2 1 1 w
2 1 2 2 8 w
2 1 2 3 6 w
2 1 2 4 6 w
2 1 2 5 4 w
2 1 2 6 4 w
2 1 2 7 3 w
2 1 2 8 9 w
2 1 2 9 9 w
2 1 3 1 9 w
2 1 3 2 8 w
2 1 3 3 3 w
2 1 3 4 2 w
2 1 3 5 8 w
2 1 3 6 5 w
2 1 3 7 7 w
2 1 3 8 6 w
2 1 3 9 3 w
2 1 4 1 3 w
2 1 4 2 9 w
2 1 4 3 9 w
2 1 4 4 7 w
2 1 4 5 6 w
2 1 4 6 4 w
2 1 4 7 9 w
2 1 4 8 3 w
2 1 4 9 8 w
2 1 5 1 3 w
2 1 5 2 7 w
2 1 5 3 6 w
2 1 5 4 8 w
2 1 5 5 9 w
2 1 5 6 5 w
2 1 5 7 9 w
2 1 5 8 2 w
2 1 5 9 3 w
2 1 6 1 4 w
2 1 6 2 8 w
2 1 6 3 9 w
2 1 6 4 4 w
2 1 6 5 8 w
2 1 6 6 3 w
2 1 6 7 8 w
2 1 6 8 5 w
2 1 6 9 8 w
2 1 7 1 9 w
2 1 7 2 7 w
2 1 7 3 8 w
2 1 7 4 4 w
2 1 7 5 6 w
2 1 7 6 9 t
2 1 7 7 8 w
2 1 7 8 6 w
2 1 7 9 6 w
2 1 8 1 5 w
2 1 8 2 9 w
2 1 8 3 1 w
2 1 8 4 3 w
2 1 8 5 4 w
2 1 8 6 6 w
2 1 8 7 5 w
2 1 8 8 4 w
2 1 8 9 7 w
2 1 9 1 3 w
2 1 9 2 5 w
2 1 9 3 9 w
2 1 9 4 9 w
2 1 9 5 9 w
2 1 9 6 8 w
2 1 9 7 5 w
2 1 9 8 9 w
2 1 9 9 6 w
2 2 1 1 2 w
2 2 1 2 8 w
2 2 1 3 5 w
2 2 1 4 8 w
2 2 1 5 6 w
2 2 1 6 1 w
2 2 1 7 5 w
2 2 1 8 6 w
2 2 1 9 9 w
2 2 2 1 8 w
2 2 2 2 3 w
2 2 2 3 1 w
2 2 2 4 2 w
2 2 2 5 4 w
2 2 2 6 8 w
2 2 2 7 4 w
2 2 2 8 5 w
2 2 2 9 4 w
2 2 3 1 5 w
2 2 3 2 8 w
2 2 3 3 6 w
2 2 3 4 5 w
2 2 3 5 2 w
2 2 3 6 8 w
2 2 3 7 3 w
2 2 3 8 4 w
2 2 3 9 8 w
2 2 4 1 4 w
2 2 4 2 3 w
2 2 4 3 6 w
2 2 4 4 5 w
2 2 4 5 6 w
2 2 4 6 9 w
2 2 4 7 9 w
2 2 4 8 6 w
2 2 4 9 2 w
2 2 5 1 4 w
2 2 5 2 7 w
2 2 5 3 8 w
2 2 5 4 5 w
2 2 5 5 7 w
2 2 5 6 2 w
2 2 5 7 7 w
2 2 5 8 9 w
2 2 5 9 6 w
2 2 6 1 2 w
2 2 6 2 2 w
2 2 6 3 9 w
2 2 6 4 8 w
2 2 6 5 7 w
2 2 6 6 3 w
2 2 6 7 3 w
2 2 6 8 3 w
2 2 6 9 8 w
2 2 7 1 4 w
2 2 7 2 3 w
2 2 7 3 3 w
2 2 7 4 2 w
2 2 7 5 3 w
2 2 7 6 3 w
2 2 7 7 5 w
2 2 7 8 8 w
2 2 7 9 2 w
2 2 8 1 9 w
2 2 8 2 2 w
2 2 8 3 2 w
2 2 8 4 4 w
2 2 8 5 6 w
2 2 8 6 5 w
2 2 8 7 5 w
2 2 8 8 5 w
2 2 8 9 1 w
2 2 9 1 3 w
2 2 9 2 2 w
2 2 9 3 7 w
2 2 9 4 8 w
2 2 9 5 2 w
2 2 9 6 6 w
2 2 9 7 7 w
2 2 9 8 3 w
2 2 9 9 8 w
2 3 1 1 7 w
2 3 1 2 1 w
2 3 1 3 6 w
2 3 1 4 7 w
2 3 1 5 5 w
2 3 1 6 2 w
2 3 1 7 6 w
2 3 1 8 9 w
2 3 1 9 4 w
2 3 2 1 7 w
2 3 2 2 8 w
2 3 2 3 7 w
2 3 2 4 6 w
2 3 2 5 6 w
2 3 2 6 1 w
2 3 2 7 8 w
2 3 2 8 1 w
2 3 2 9 8 w
2 3 3 1 1 w
2 3 3 2 4 w
2 3 3 3 4 w
2 3 3 4 7 w
2 3 3 5 7 w
2 3 3 6 7 w
2 3 3 7 6 w
2 3 3 8 1 w
2 3 3 9 8 w
2 3 4 1 9 w
2 3 4 2 2 w
2 3 4 3 3 w
2 3 4 4 2 w
2 3 4 5 6 w
2 3 4 6 9 w
2 3 4 7 7 w
2 3 4 8 5 w
2 3 4 9 9 w
2 3 5 1 5 w
2 3 5 2 5 w
2 3 5 3 2 w
2 3 5 4 3 w
2 3 5 5 5 w
2 3 5 6 8 w
2 3 5 7 7 w
2 3 5 8 8 w
2 3 5 9 7 w
2 3 6 1 9 w
2 3 6 2 5 w
2 3 6 3 6 w
2 3 6 4 8 w
2 3 6 5 2 w
2 3 6 6 3 w
2 3 6 7 2 w
2 3 6 8 5 w
2 3 6 9 4 w
2 3 7 1 3 w
2 3 7 2 2 w
2 3 7 3 3 w
2 3 7 4 4 w
2 3 7 5 8 w
2 3 7 6 4 w
2 3 7 7 3 w
2 3 7 8 3 w
2 3 7 9 6 w
2 3 8 1 6 w
2 3 8 2 8 w
2 3 8 3 1 w
2 3 8 4 4 w
2 3 8 5 4 w
2 3 8 6 1 w
2 3 8 7 1 w
2 3 8 8 8 w
2 3 8 9 9 w
2 3 9 1 8 w
2 3 9 2 6 w
2 3 9 3 4 w
2 3 9 4 7 t
2 3 9 5 7 w
2 3 9 6 2 w
2 3 9 7 4 w
2 3 9 8 4 w
2 3 9 9 5 w
2 4 1 1 3 w
2 4 1 2 8 w
2 4 1 3 6 w
2 4 1 4 6 w
2 4 1 5 8 w
2 4 1 6 2 w
2 4 1 7 1 w
2 4 1 8 4 w
2 4 1 9 6 w
2 4 2 1 9 w
2 4 2 2 2 w
2 4 2 3 8 w
2 4 2 4 4 w
2 4 2 5 4 w
2 4 2 6 2 w
2 4 2 7 7 w
2 4 2 8 7 w
2 4 2 9 6 w
2 4 3 1 7 w
2 4 3 2 5 w
2 4 3 3 8 w
2 4 3 4 9 w
2 4 3 5 5 w
2 4 3 6 6 w
2 4 3 7 9 w
2 4 3 8 2 w
2 4 3 9 8 w
2 4 4 1 6 w
2 4 4 2 2 w
2 4 4 3 5 w
2 4 4 4 8 w
2 4 4 5 3 w
2 4 4 6 7 w
2 4 4 7 7 w
2 4 4 8 3 w
2 4 4 9 7 w
2 4 5 1 5 w
2 4 5 2 4 w
2 4 5 3 7 w
2 4 5 4 6 w
2 4 5 5 5 w
2 4 5 6 6 w
2 4 5 7 9 w
2 4 5 8 8 w
2 4 5 9 5 w
2 4 6 1 7 w
2 4 6 2 9 w
2 4 6 3 6 w
2 4 6 4 6 w
2 4 6 5 8 w
2 4 6 6 4 w
2 4 6 7 7 w
2 4 6 8 8 w
2 4 6 9 3 w
2 4 7 1 9 w
2 4 7 2 1 w
2 4 7 3 9 w
2 4 7 4 9 w
2 4 7 5 4 w
2 4 7 6 6 w
2 4 7 7 8 w
2 4 7 8 3 w
2 4 7 9 7 w
2 4 8 1 4 w
2 4 8 2 3 w
2 4 8 3 2 w
2 4 8 4 4 w
2 4 8 5 3 w
2 4 8 6 9 w
2 4 8 7 4 w
2 4 8 8 1 w
2 4 8 9 8 w
2 4 9 1 5 w
2 4 9 2 9 w
2 4 9 3 8 w
2 4 9 4 2 w
2 4 9 5 4 w
2 4 9 6 7 w
2 4 9 7 8 t
2 4 9 8 7 w
2 4 9 9 2 w
2 5 1 1 6 w
2 5 1 2 2 w
2 5 1 3 1 w
2 5 1 4 5 w
2 5 1 5 4 w
2 5 1 6 5 w
2 5 1 7 6 w
2 5 1 8 2 w
2 5 1 9 6 w
2 5 2 1 3 w
2 5 2 2 9 w
2 5 2 3 9 w
2 5 2 4 1 w
2 5 2 5 9 w
2 5 2 6 5 w
2 5 2 7 6 w
2 5 2 8 7 w
2 5 2 9 2 w
2 5 3 1 1 w
2 5 3 2 9 w
2 5 3 3 4 w
2 5 3 4 6 w
2 5 3 5 5 w
2 5 3 6 2 w
2 5 3 7 5 w
2 5 3 8 6 w
2 5 3 9 9 w
2 5 4 1 4 w
2 5 4 2 7 w
2 5 4 3 4 w
2 5 4 4 4 w
2 5 4 5 3 w
2 5 4 6 7 w
2 5 4 7 1 w
2 5 4 8 5 w
2 5 4 9 4 w
2 5 5 1 2 w
2 5 5 2 3 w
2 5 5 3 9 w
2 5 5 4 6 w
2 5 5 5 9 w
2 5 5 6 3 w
2 5 5 7 7 w
2 5 5 8 7 w
2 5 5 9 8 w
2 5 6 1 3 w
2 5 6 2 9 w
2 5 6 3 6 w
2 5 6 4 8 w
2 5 6 5 9 w
2 5 6 6 9 w
2 5 6 7 8 w
2 5 6 8 1 w
2 5 6 9 3 w
2 5 7 1 7 w
2 5 7 2 1 w
2 5 7 3 4 w
2 5 7 4 7 w
2 5 7 5 1 w
2 5 7 6 1 w
2 5 7 7 9 w
2 5 7 8 1 w
2 5 7 9 2 w
2 5 8 1 6 w
2 5 8 2 7 w
2 5 8 3 3 w
2 5 8 4 6 w
2 5 8 5 4 w
2 5 8 6 1 w
2 5 8 7 7 w
2 5 8 8 9 w
2 5 8 9 4 w
2 5 9 1 1 w
2 5 9 2 6 w
2 5 9 3 3 w
2 5 9 4 7 w
2 5 9 5 5 w
2 5 9 6 6 w
2 5 9 7 3 w
2 5 9 8 4 w
2 5 9 9 8 w
2 6 1 1 1 w
2 6 1 2 7 w
2 6 1 3 3 w
2 6 1 4 7 w
2 6 1 5 8 w
2 6 1 6 3 w
2 6 1 7 6 w
2 6 1 8 4 w
2 6 1 9 8 w
2 6 2 1 5 w
2 6 2 2 1 w
2 6 2 3 2 w
2 6 2 4 8 w
2 6 2 5 2 w
2 6 2 6 3 w
2 6 2 7 8 w
2 6 2 8 8 w
2 6 2 9 2 w
2 6 3 1 9 w
2 6 3 2 9 w
2 6 3 3 5 w
2 6 3 4 3 w
2 6 3 5 5 w
2 6 3 6 3 w
2 6 3 7 5 w
2 6 3 8 8 w
2 6 3 9 9 w
2 6 4 1 2 w
2 6 4 2 1 w
2 6 4 3 9 w
2 6 4 4 1 w
2 6 4 5 5 w
2 6 4 6 7 w
2 6 4 7 4 w
2 6 4 8 4 w
2 6 4 9 9 w
2 6 5 1 3 w
2 6 5 2 5 w
2 6 5 3 3 w
2 6 5 4 9 w
2 6 5 5 6 w
2 6 5 6 3 w
2 6 5 7 8 w
2 6 5 8 2 w
2 6 5 9 9 w
2 6 6 1 3 w
2 6 6 2 6 w
2 6 6 3 1 w
2 6 6 4 9 w
2 6 6 5 5 w
2 6 6 6 6 w
2 6 6 7 6 w
2 6 6 8 8 w
2 6 6 9 6 w
2 6 7 1 7 w
2 6 7 2 5 w
2 6 7 3 7 w
2 6 7 4 9 w
2 6 7 5 5 w
2 6 7 6 3 w
2 6 7 7 9 w
2 6 7 8 9 w
2 6 7 9 8 t
2 6 8 1 6 w
2 6 8 2 2 w
2 6 8 3 2 w
2 6 8 4 1 w
2 6 8 5 7 w
2 6 8 6 9 w
2 6 8 7 1 w
2 6 8 8 2 w
2 6 8 9 9 w
2 6 9 1 5 w
2 6 9 2 7 w
2 6 9 3 1 w
2 6 9 4 8 w
2 6 9 5 6 w
2 6 9 6 3 w
2 6 9 7 1 w
2 6 9 8 4 w
2 6 9 9 6 w
2 7 1 1 7 w
2 7 1 2 9 w
2 7 1 3 8 w
2 7 1 4 2 w
2 7 1 5 4 w
2 7 1 6 1 w
2 7 1 7 5 w
2 7 1 8 8 w
2 7 1 9 3 w
2 7 2 1 9 w
2 7 2 2 8 w
2 7 2 3 1 w
2 7 2 4 1 w
2 7 2 5 1 w
2 7 2 6 9 w
2 7 2 7 1 w
2 7 2 8 2 w
2 7 2 9 8 w
2 7 3 1 9 w
2 7 3 2 9 w
2 7 3 3 4 w
2 7 3 4 2 w
2 7 3 5 5 w
2 7 3 6 6 w
2 7 3 7 3 w
2 7 3 8 3 w
2 7 3 9 5 w
2 7 4 1 9 w
2 7 4 2 5 w
2 7 4 3 1 w
2 7 4 4 5 w
2 7 4 5 1 w
2 7 4 6 2 w
2 7 4 7 1 w
2 7 4 8 8 w
2 7 4 9 9 w
2 7 5 1 3 w
2 7 5 2 7 w
2 7 5 3 1 w
2 7 5 4 8 w
2 7 5 5 8 w
2 7 5 6 5 w
2 7 5 7 3 w
2 7 5 8 8 w
2 7 5 9 9 w
2 7 6 1 7 w
2 7 6 2 3 w
2 7 6 3 4 w
2 7 6 4 4 w
2 7 6 5 6 w
2 7 6 6 4 w
2 7 6 7 8 w
2 7 6 8 1 w
2 7 6 9 3 w
2 7 7 1 7 w
2 7 7 2 6 w
2 7 7 3 9 w
2 7 7 4 6 w
2 7 7 5 7 w
2 7 7 6 7 w
2 7 7 7 5 w
2 7 7 8 2 w
2 7 7 9 8 w
2 7 8 1 6 w
2 7 8 2 2 w
2 7 8 3 7 w
2 7 8 4 5 w
2 7 8 5 7 w
2 7 8 6 5 w
2 7 8 7 1 w
2 7 8 8 1 w
2 7 8 9 2 w
2 7 9 1 7 w
2 7 9 2 3 w
2 7 9 3 6 t
2 7 9 4 6 t
2 7 9 5 7 w
2 7 9 6 3 t
2 7 9 7 1 w
2 7 9 8 3 w
2 7 9 9 8 w
2 8 1 1 9 w
2 8 1 2 6 w
2 8 1 3 6 w
2 8 1 4 2 w
2 8 1 5 5 w
2 8 1 6 2 w
2 8 1 7 2 w
2 8 1 8 6 w
2 8 1 9 7 w
2 8 2 1 7 w
2 8 2 2 4 w
2 8 2 3 2 w
2 8 2 4 4 w
2 8 2 5 6 w
2 8 2 6 5 w
2 8 2 7 6 w
2 8 2 8 2 w
2 8 2 9 3 w
2 8 3 1 9 w
2 8 3 2 4 w
2 8 3 3 6 w
2 8 3 4 4 w
2 8 3 5 8 w
2 8 3 6 6 w
2 8 3 7 6 w
2 8 3 8 5 w
2 8 3 9 6 w
2 8 4 1 1 w
2 8 4 2 7 w
2 8 4 3 7 w
2 8 4 4 7 w
2 8 4 5 7 w
2 8 4 6 8 w
2 8 4 7 8 w
2 8 4 8 5 w
2 8 4 9 4 w
2 8 5 1 5 w
2 8 5 2 3 w
2 8 5 3 5 w
2 8 5 4 3 w
2 8 5 5 8 w
2 8 5 6 1 w
2 8 5 7 9 w
2 8 5 8 3 w
2 8 5 9 3 w
2 8 6 1 2 w
2 8 6 2 6 w
2 8 6 3 9 w
2 8 6 4 5 w
2 8 6 5 7 w
2 8 6 6 9 w
2 8 6 7 6 w
2 8 6 8 6 w
2 8 6 9 4 w
2 8 7 1 6 w
2 8 7 2 1 w
2 8 7 3 4 w
2 8 7 4 1 w
2 8 7 5 2 w
2 8 7 6 1 w
2 8 7 7 6 w
2 8 7 8 6 w
2 8 7 9 9 w
2 8 8 1 7 w
2 8 8 2 9 w
2 8 8 3 1 w
2 8 8 4 6 w
2 8 8 5 3 w
2 8 8 6 7 w
2 8 8 7 5 w
2 8 8 8 4 w
2 8 8 9 6 w
2 8 9 1 7 w
2 8 9 2 9 w
2 8 9 3 5 w
2 8 9 4 8 w
2 8 9 5 6 w
2 8 9 6 5 w
2 8 9 7 7 w
2 8 9 8 7 w
2 8 9 9 4 w
2 9 1 1 9 w
2 9 1 2 4 w
2 9 1 3 8 w
2 9 1 4 5 w
2 9 1 5 4 w
2 9 1 6 6 w
2 9 1 7 8 w
2 9 1 8 7 w
2 9 1 9 3 w
2 9 2 1 7 w
2 9 2 2 7 w
2 9 2 3 8 w
2 9 2 4 9 w
2 9 2 5 2 w
2 9 2 6 1 w
2 9 2 7 6 w
2 9 2 8 1 w
2 9 2 9 8 w
2 9 3 1 4 w
2 9 3 2 1 w
2 9 3 3 9 w
2 9 3 4 9 w
2 9 3 5 9 w
2 9 3 6 4 w
2 9 3 7 4 w
2 9 3 8 4 w
2 9 3 9 1 w
2 9 4 1 6 w
2 9 4 2 9 w
2 9 4 3 7 w
2 9 4 4 5 w
2 9 4 5 2 w
2 9 4 6 8 w
2 9 4 7 1 w
2 9 4 8 1 w
2 9 4 9 9 w
2 9 5 1 6 w
2 9 5 2 9 w
2 9 5 3 6 w
2 9 5 4 3 w
2 9 5 5 3 w
2 9 5 6 8 w
2 9 5 7 9 w
2 9 5 8 3 w
2 9 5 9 1 w
2 9 6 1 9 w
2 9 6 2 3 w
2 9 6 3 7 w
2 9 6 4 8 w
2 9 6 5 7 w
2 9 6 6 2 w
2 9 6 7 7 w
2 9 6 8 7 w
2 9 6 9 8 w
2 9 7 1 4 t
2 9 7 2 3 w
2 9 7 3 9 w
2 9 7 4 1 t
2 9 7 5 8 w
2 9 7 6 4 t
2 9 7 7 5 w
2 9 7 8 1 w
2 9 7 9 3 w
2 9 8 1 3 w
2 9 8 2 6 w
2 9 8 3 3 w
2 9 8 4 7 w
2 9 8 5 2 w
2 9 8 6 2 w
2 9 8 7 7 w
2 9 8 8 3 w
2 9 8 9 5 w
2 9 9 1 5 w
2 9 9 2 2 w
2 9 9 3 9 w
2 9 9 4 7 w
2 9 9 5 7 w
2 9 9 6 7 w
2 9 9 7 1 w
2 9 9 8 6 w
2 9 9 9 2 w
3 1 1 1 9 w
3 1 1 2 4 w
3 1 1 3 7 w
3 1 1 4 5 w
3 1 1 5 7 w
3 1 1 6 8 w
3 1 1 7 5 w
3 1 1 8 7 w
3 1 1 9 9 w
3 1 2 1 2 w
3 1 2 2 2 w
3 1 2 3 9 w
3 1 2 4 3 w
3 1 2 5 6 w
3 1 2 6 4 w
3 1 2 7 3 w
3 1 2 8 1 w
3 1 2 9 9 w
3 1 3 1 6 w
3 1 3 2 4 w
3 1 3 3 9 w
3 1 3 4 3 w
3 1 3 5 8 w
3 1 3 6 5 w
3 1 3 7 2 w
3 1 3 8 7 w
3 1 3 9 4 w
3 1 4 1 8 w
3 1 4 2 8 w
3 1 4 3 5 w
3 1 4 4 1 w
3 1 4 5 2 w
3 1 4 6 7 w
3 1 4 7 1 w
3 1 4 8 8 w
3 1 4 9 6 w
3 1 5 1 1 w
3 1 5 2 5 w
3 1 5 3 3 w
3 1 5 4 2 w
3 1 5 5 2 w
3 1 5 6 6 w
3 1 5 7 8 w
3 1 5 8 7 w
3 1 5 9 1 w
3 1 6 1 4 w
3 1 6 2 8 w
3 1 6 3 2 w
3 1 6 4 8 w
3 1 6 5 2 w
3 1 6 6 3 w
3 1 6 7 4 w
3 1 6 8 5 w
3 1 6 9 9 w
3 1 7 1 7 w
3 1 7 2 8 w
3 1 7 3 8 w
3 1 7 4 6 w
3 1 7 5 7 w
3 1 7 6 3 w
3 1 7 7 7 w
3 1 7 8 1 w
3 1 7 9 5 w
3 1 8 1 8 w
3 1 8 2 7 w
3 1 8 3 3 w
3 1 8 4 7 t
3 1 8 5 5 w
3 1 8 6 8 w
3 1 8 7 4 w
3 1 8 8 9 w
3 1 8 9 4 w
3 1 9 1 1 w
3 1 9 2 4 w
3 1 9 3 6 w
3 1 9 4 9 w
3 1 9 5 6 w
3 1 9 6 3 w
3 1 9 7 9 w
3 1 9 8 6 w
3 1 9 9 9 w
3 2 1 1 2 w
3 2 1 2 8 w
3 2 1 3 5 w
3 2 1 4 5 w
3 2 1 5 9 w
3 2 1 6 6 w
3 2 1 7 8 w
3 2 1 8 8 w
3 2 1 9 7 w
3 2 2 1 3 w
3 2 2 2 9 w
3 2 2 3 2 w
3 2 2 4 1 w
3 2 2 5 8 w
3 2 2 6 2 w
3 2 2 7 5 w
3 2 2 8 6 w
3 2 2 9 3 w
3 2 3 1 5 w
3 2 3 2 9 w
3 2 3 3 6 w
3 2 3 4 3 w
3 2 3 5 5 w
3 2 3 6 4 w
3 2 3 7 9 w
3 2 3 8 5 w
3 2 3 9 3 w
3 2 4 1 7 w
3 2 4 2 9 w
3 2 4 3 2 w
3 2 4 4 1 w
3 2 4 5 3 w
3 2 4 6 6 w
3 2 4 7 5 w
3 2 4 8 3 w
3 2 4 9 3 w
3 2 5 1 8 w
3 2 5 2 1 w
3 2 5 3 3 w
3 2 5 4 4 w
3 2 5 5 8 w
3 2 5 6 5 w
3 2 5 7 4 w
3 2 5 8 2 w
3 2 5 9 5 w
3 2 6 1 3 w
3 2 6 2 3 w
3 2 6 3 4 w
3 2 6 4 2 w
3 2 6 5 9 w
3 2 6 6 7 w
3 2 6 7 8 w
3 2 6 8 5 w
3 2 6 9 8 w
3 2 7 1 1 w
3 2 7 2 3 w
3 2 7 3 5 w
3 2 7 4 1 w
3 2 7 5 9 w
3 2 7 6 8 w
3 2 7 7 4 w
3 2 7 8 9 w
3 2 7 9 7 w
3 2 8 1 6 w
3 2 8 2 7 w
3 2 8 3 7 w
3 2 8 4 4 w
3 2 8 5 8 w
3 2 8 6 2 w
3 2 8 7 3 w
3 2 8 8 1 w
3 2 8 9 3 w
3 2 9 1 3 w
3 2 9 2 8 w
3 2 9 3 8 w
3 2 9 4 7 t
3 2 9 5 6 w
3 2 9 6 2 w
3 2 9 7 4 w
3 2 9 8 4 w
3 2 9 9 1 w
3 3 1 1 9 w
3 3 1 2 9 w
3 3 1 3 6 w
3 3 1 4 2 w
3 3 1 5 1 w
3 3 1 6 1 w
3 3 1 7 3 w
3 3 1 8 1 w
3 3 1 9 6 w
3 3 2 1 6 w
3 3 2 2 3 w
3 3 2 3 1 w
3 3 2 4 5 w
3 3 2 5 9 w
3 3 2 6 9 w
3 3 2 7 4 w
3 3 2 8 6 w
3 3 2 9 3 w
3 3 3 1 4 w
3 3 3 2 1 w
3 3 3 3 7 w
3 3 3 4 7 w
3 3 3 5 7 w
3 3 3 6 6 w
3 3 3 7 4 w
3 3 3 8 6 w
3 3 3 9 6 w
3 3 4 1 3 w
3 3 4 2 6 w
3 3 4 3 6 w
3 3 4 4 1 w
3 3 4 5 5 w
3 3 4 6 7 w
3 3 4 7 9 w
3 3 4 8 4 w
3 3 4 9 5 w
3 3 5 1 4 w
3 3 5 2 4 w
3 3 5 3 1 w
3 3 5 4 5 w
3 3 5 5 6 w
3 3 5 6 4 w
3 3 5 7 3 w
3 3 5 8 9 w
3 3 5 9 5 w
3 3 6 1 7 w
3 3 6 2 8 w
3 3 6 3 3 w
3 3 6 4 4 w
3 3 6 5 2 w
3 3 6 6 5 w
3 3 6 7 2 w
3 3 6 8 9 w
3 3 6 9 1 w
3 3 7 1 9 w
3 3 7 2 5 w
3 3 7 3 5 w
3 3 7 4 6 w
3 3 7 5 3 w
3 3 7 6 8 w
3 3 7 7 2 w
3 3 7 8 9 w
3 3 7 9 3 w
3 3 8 1 5 w
3 3 8 2 5 w
3 3 8 3 7 w
3 3 8 4 9 w
3 3 8 5 7 w
3 3 8 6 7 w
3 3 8 7 3 w
3 3 8 8 4 w
3 3 8 9 7 w
3 3 9 1 7 w
3 3 9 2 7 w
3 3 9 3 5 w
3 3 9 4 2 w
3 3 9 5 1 w
3 3 9 6 5 w
3 3 9 7 4 w
3 3 9 8 8 w
3 3 9 9 3 w
3 4 1 1 4 w
3 4 1 2 7 w
3 4 1 3 3 w
3 4 1 4 5 w
3 4 1 5 2 w
3 4 1 6 1 w
3 4 1 7 1 w
3 4 1 8 9 w
3 4 1 9 9 w
3 4 2 1 1 w
3 4 2 2 1 w
3 4 2 3 1 w
3 4 2 4 6 w
3 4 2 5 5 w
3 4 2 6 7 w
3 4 2 7 5 w
3 4 2 8 2 w
3 4 2 9 8 w
3 4 3 1 2 w
3 4 3 2 7 w
3 4 3 3 8 w
3 4 3 4 6 w
3 4 3 5 2 w
3 4 3 6 6 w
3 4 3 7 3 w
3 4 3 8 9 w
3 4 3 9 9 w
3 4 4 1 3 w
3 4 4 2 1 w
3 4 4 3 9 w
3 4 4 4 2 w
3 4 4 5 7 w
3 4 4 6 4 w
3 4 4 7 2 w
3 4 4 8 2 w
3 4 4 9 9 w
3 4 5 1 9 w
3 4 5 2 6 w
3 4 5 3 4 w
3 4 5 4 2 w
3 4 5 5 8 w
3 4 5 6 3 w
3 4 5 7 9 w
3 4 5 8 8 w
3 4 5 9 4 w
3 4 6 1 5 w
3 4 6 2 6 w
3 4 6 3 9 w
3 4 6 4 4 w
3 4 6 5 2 w
3 4 6 6 6 w
3 4 6 7 8 w
3 4 6 8 8 w
3 4 6 9 5 w
3 4 7 1 6 w
3 4 7 2 7 w
3 4 7 3 3 w
3 4 7 4 9 w
3 4 7 5 1 w
3 4 7 6 6 w
3 4 7 7 4 w
3 4 7 8 8 w
3 4 7 9 6 w
3 4 8 1 2 w
3 4 8 2 8 w
3 4 8 3 6 w
3 4 8 4 1 w
3 4 8 5 1 w
3 4 8 6 1 w
3 4 8 7 5 w
3 4 8 8 3 w
3 4 8 9 5 w
3 4 9 1 2 w
3 4 9 2 8 t
3 4 9 3 7 w
3 4 9 4 2 w
3 4 9 5 9 w
3 4 9 6 9 w
3 4 9 7 8 t
3 4 9 8 7 t
3 4 9 9 7 w
3 5 1 1 4 w
3 5 1 2 2 w
3 5 1 3 2 w
3 5 1 4 3 w
3 5 1 5 8 w
3 5 1 6 5 w
3 5 1 7 6 w
3 5 1 8 9 w
3 5 1 9 7 w
3 5 2 1 1 w
3 5 2 2 3 w
3 5 2 3 1 w
3 5 2 4 6 w
3 5 2 5 2 w
3 5 2 6 2 w
3 5 2 7 9 w
3 5 2 8 6 w
3 5 2 9 4 w
3 5 3 1 4 w
3 5 3 2 4 w
3 5 3 3 3 w
3 5 3 4 5 w
3 5 3 5 1 w
3 5 3 6 3 w
3 5 3 7 8 w
3 5 3 8 7 w
3 5 3 9 7 w
3 5 4 1 6 w
3 5 4 2 5 w
3 5 4 3 8 w
3 5 4 4 3 w
3 5 4 5 9 w
3 5 4 6 7 w
3 5 4 7 7 w
3 5 4 8 2 w
3 5 4 9 7 w
3 5 5 1 8 w
3 5 5 2 2 w
3 5 5 3 3 w
3 5 5 4 8 w
3 5 5 5 1 w
3 5 5 6 7 w
3 5 5 7 3 w
3 5 5 8 8 w
3 5 5 9 7 w
3 5 6 1 3 w
3 5 6 2 1 w
3 5 6 3 9 w
3 5 6 4 4 w
3 5 6 5 7 w
3 5 6 6 1 w
3 5 6 7 3 w
3 5 6 8 1 w
3 5 6 9 1 w
3 5 7 1 8 w
3 5 7 2 2 w
3 5 7 3 3 w
3 5 7 4 1 w
3 5 7 5 8 w
3 5 7 6 3 w
3 5 7 7 6 w
3 5 7 8 8 w
3 5 7 9 7 w
3 5 8 1 5 w
3 5 8 2 1 w
3 5 8 3 4 w
3 5 8 4 7 w
3 5 8 5 6 w
3 5 8 6 1 w
3 5 8 7 5 w
3 5 8 8 8 w
3 5 8 9 8 w
3 5 9 1 6 w
3 5 9 2 7 w
3 5 9 3 4 w
3 5 9 4 9 w
3 5 9 5 9 w
3 5 9 6 6 w
3 5 9 7 7 w
3 5 9 8 4 w
3 5 9 9 6 w
3 6 1 1 9 w
3 6 1 2 2 w
3 6 1 3 4 w
3 6 1 4 8 w
3 6 1 5 8 w
3 6 1 6 4 w
3 6 1 7 8 w
3 6 1 8 7 t
3 6 1 9 2 w
3 6 2 1 8 w
3 6 2 2 2 w
3 6 2 3 2 w
3 6 2 4 8 w
3 6 2 5 7 w
3 6 2 6 7 w
3 6 2 7 7 w
3 6 2 8 5 w
3 6 2 9 3 w
3 6 3 1 2 w
3 6 3 2 4 w
3 6 3 3 6 w
3 6 3 4 4 w
3 6 3 5 9 w
3 6 3 6 5 w
3 6 3 7 7 w
3 6 3 8 3 w
3 6 3 9 1 w
3 6 4 1 4 w
3 6 4 2 7 w
3 6 4 3 9 w
3 6 4 4 2 w
3 6 4 5 3 w
3 6 4 6 4 w
3 6 4 7 6 w
3 6 4 8 3 w
3 6 4 9 5 w
3 6 5 1 8 w
3 6 5 2 8 w
3 6 5 3 6 w
3 6 5 4 2 w
3 6 5 5 2 w
3 6 5 6 6 w
3 6 5 7 1 w
3 6 5 8 1 w
3 6 5 9 9 w
3 6 6 1 1 w
3 6 6 2 4 w
3 6 6 3 9 w
3 6 6 4 8 w
3 6 6 5 8 w
3 6 6 6 5 w
3 6 6 7 4 w
3 6 6 8 8 w
3 6 6 9 2 w
3 6 7 1 8 w
3 6 7 2 4 w
3 6 7 3 1 w
3 6 7 4 2 w
3 6 7 5 7 w
3 6 7 6 1 w
3 6 7 7 2 w
3 6 7 8 4 w
3 6 7 9 7 w
3 6 8 1 7 w
3 6 8 2 4 w
3 6 8 3 9 w
3 6 8 4 7 w
3 6 8 5 7 w
3 6 8 6 7 w
3 6 8 7 4 w
3 6 8 8 7 w
3 6 8 9 5 w
3 6 9 1 4 w
3 6 9 2 4 w
3 6 9 3 7 w
3 6 9 4 6 w
3 6 9 5 3 w
3 6 9 6 3 w
3 6 9 7 5 w
3 6 9 8 7 w
3 6 9 9 2 w
3 7 1 1 2 w
3 7 1 2 1 w
3 7 1 3 5 w
3 7 1 4 9 w
3 7 1 5 4 w
3 7 1 6 2 w
3 7 1 7 9 w
3 7 1 8 8 w
3 7 1 9 7 w
3 7 2 1 6 w
3 7 2 2 8 w
3 7 2 3 6 w
3 7 2 4 5 w
3 7 2 5 9 w
3 7 2 6 8 w
3 7 2 7 9 w
3 7 2 8 5 w
3 7 2 9 3 w
3 7 3 1 6 w
3 7 3 2 9 w
3 7 3 3 1 w
3 7 3 4 4 w
3 7 3 5 6 w
3 7 3 6 8 w
3 7 3 7 7 w
3 7 3 8 1 w
3 7 3 9 9 w
3 7 4 1 6 w
3 7 4 2 7 w
3 7 4 3 6 w
3 7 4 4 8 w
3 7 4 5 6 w
3 7 4 6 4 w
3 7 4 7 7 w
3 7 4 8 4 w
3 7 4 9 4 w
3 7 5 1 9 w
3 7 5 2 9 w
3 7 5 3 2 w
3 7 5 4 5 w
3 7 5 5 8 w
3 7 5 6 4 w
3 7 5 7 3 w
3 7 5 8 8 w
3 7 5 9 1 w
3 7 6 1 3 w
3 7 6 2 7 w
3 7 6 3 6 w
3 7 6 4 8 w
3 7 6 5 9 w
3 7 6 6 4 w
3 7 6 7 1 w
3 7 6 8 2 w
3 7 6 9 1 w
3 7 7 1 7 w
3 7 7 2 3 w
3 7 7 3 2 w
3 7 7 4 7 w
3 7 7 5 7 w
3 7 7 6 9 w
3 7 7 7 3 w
3 7 7 8 6 w
3 7 7 9 8 w
3 7 8 1 4 t
3 7 8 2 7 w
3 7 8 3 9 w
3 7 8 4 1 t
3 7 8 5 4 w
3 7 8 6 1 t
3 7 8 7 5 w
3 7 8 8 4 w
3 7 8 9 9 w
3 7 9 1 1 w
3 7 9 2 6 w
3 7 9 3 5 w
3 7 9 4 6 w
3 7 9 5 2 w
3 7 9 6 8 w
3 7 9 7 5 w
3 7 9 8 6 w
3 7 9 9 3 w
3 8 1 1 3 w
3 8 1 2 7 w
3 8 1 3 6 w
3 8 1 4 7 t
3 8 1 5 7 w
3 8 1 6 4 t
3 8 1 7 4 t
3 8 1 8 3 w
3 8 1 9 7 w
3 8 2 1 7 w
3 8 2 2 6 w
3 8 2 3 5 w
3 8 2 4 5 w
3 8 2 5 5 w
3 8 2 6 2 w
3 8 2 7 8 w
3 8 2 8 7 w
3 8 2 9 1 w
3 8 3 1 4 w
3 8 3 2 1 w
3 8 3 3 6 w
3 8 3 4 9 w
3 8 3 5 6 w
3 8 3 6 4 w
3 8 3 7 4 w
3 8 3 8 3 w
3 8 3 9 6 w
3 8 4 1 5 w
3 8 4 2 4 w
3 8 4 3 7 w
3 8 4 4 4 w
3 8 4 5 5 w
3 8 4 6 7 w
3 8 4 7 1 w
3 8 4 8 6 w
3 8 4 9 2 w
3 8 5 1 3 w
3 8 5 2 6 w
3 8 5 3 1 w
3 8 5 4 8 w
3 8 5 5 5 w
3 8 5 6 1 w
3 8 5 7 6 w
3 8 5 8 7 w
3 8 5 9 8 w
3 8 6 1 9 w
3 8 6 2 6 w
3 8 6 3 4 w
3 8 6 4 3 w
3 8 6 5 6 w
3 8 6 6 4 w
3 8 6 7 2 w
3 8 6 8 7 w
3 8 6 9 5 w
3 8 7 1 2 w
3 8 7 2 8 w
3 8 7 3 9 w
3 8 7 4 2 w
3 8 7 5 4 w
3 8 7 6 1 w
3 8 7 7 4 w
3 8 7 8 8 w
3 8 7 9 1 w
3 8 8 1 2 w
3 8 8 2 9 w
3 8 8 3 6 w
3 8 8 4 6 w
3 8 8 5 1 w
3 8 8 6 1 w
3 8 8 7 2 w
3 8 8 8 4 w
3 8 8 9 8 w
3 8 9 1 3 w
3 8 9 2 1 w
3 8 9 3 4 w
3 8 9 4 6 w
3 8 9 5 9 w
3 8 9 6 4 w
3 8 9 7 9 w
3 8 9 8 6 w
3 8 9 9 5 w
3 9 1 1 7 w
3 9 1 2 1 w
3 9 1 3 4 w
3 9 1 4 5 w
3 9 1 5 3 w
3 9 1 6 5 w
3 9 1 7 6 w
3 9 1 8 5 w
3 9 1 9 4 w
3 9 2 1 5 w
3 9 2 2 3 w
3 9 2 3 5 w
3 9 2 4 7 w
3 9 2 5 2 w
3 9 2 6 1 w
3 9 2 7 7 w
3 9 2 8 6 w
3 9 2 9 7 w
3 9 3 1 5 w
3 9 3 2 3 w
3 9 3 3 8 w
3 9 3 4 9 w
3 9 3 5 1 w
3 9 3 6 3 w
3 9 3 7 8 w
3 9 3 8 2 w
3 9 3 9 9 w
3 9 4 1 8 w
3 9 4 2 8 w
3 9 4 3 8 w
3 9 4 4 4 w
3 9 4 5 6 w
3 9 4 6 6 w
3 9 4 7 8 w
3 9 4 8 7 t
3 9 4 9 8 w
3 9 5 1 4 w
3 9 5 2 3 w
3 9 5 3 5 w
3 9 5 4 4 w
3 9 5 5 2 w
3 9 5 6 6 w
3 9 5 7 5 w
3 9 5 8 2 w
3 9 5 9 4 w
3 9 6 1 7 w
3 9 6 2 9 w
3 9 6 3 5 w
3 9 6 4 1 w
3 9 6 5 2 w
3 9 6 6 1 w
3 9 6 7 8 w
3 9 6 8 5 w
3 9 6 9 5 w
3 9 7 1 9 w
3 9 7 2 4 w
3 9 7 3 1 w
3 9 7 4 8 w
3 9 7 5 9 w
3 9 7 6 5 w
3 9 7 7 7 w
3 9 7 8 8 w
3 9 7 9 5 w
3 9 8 1 1 w
3 9 8 2 4 w
3 9 8 3 2 w
3 9 8 4 3 w
3 9 8 5 4 w
3 9 8 6 2 w
3 9 8 7 6 w
3 9 8 8 5 w
3 9 8 9 2 w
3 9 9 1 6 w
3 9 9 2 3 w
3 9 9 3 6 w
3 9 9 4 2 w
3 9 9 5 6 w
3 9 9 6 4 w
3 9 9 7 1 w
3 9 9 8 2 w
3 9 9 9 9 w
4 1 1 1 8 w
4 1 1 2 4 w
4 1 1 3 6 w
4 1 1 4 5 w
4 1 1 5 9 w
4 1 1 6 5 w
4 1 1 7 7 w
4 1 1 8 9 w
4 1 1 9 5 w
4 1 2 1 8 w
4 1 2 2 1 w
4 1 2 3 1 w
4 1 2 4 1 w
4 1 2 5 8 w
4 1 2 6 3 w
4 1 2 7 5 w
4 1 2 8 4 w
4 1 2 9 7 w
4 1 3 1 3 w
4 1 3 2 9 w
4 1 3 3 5 w
4 1 3 4 6 w
4 1 3 5 3 w
4 1 3 6 8 w
4 1 3 7 7 w
4 1 3 8 6 t
4 1 3 9 8 w
4 1 4 1 6 w
4 1 4 2 7 w
4 1 4 3 4 w
4 1 4 4 5 w
4 1 4 5 6 w
4 1 4 6 7 w
4 1 4 7 4 w
4 1 4 8 6 w
4 1 4 9 5 w
4 1 5 1 5 w
4 1 5 2 2 w
4 1 5 3 4 w
4 1 5 4 9 w
4 1 5 5 5 w
4 1 5 6 2 w
4 1 5 7 4 w
4 1 5 8 3 w
4 1 5 9 3 w
4 1 6 1 5 w
4 1 6 2 7 w
4 1 6 3 9 w
4 1 6 4 1 w
4 1 6 5 6 w
4 1 6 6 9 w
4 1 6 7 8 w
4 1 6 8 3 w
4 1 6 9 2 w
4 1 7 1 2 w
4 1 7 2 6 w
4 1 7 3 6 w
4 1 7 4 1 w
4 1 7 5 1 w
4 1 7 6 9 w
4 1 7 7 5 w
4 1 7 8 8 w
4 1 7 9 1 w
4 1 8 1 7 w
4 1 8 2 2 w
4 1 8 3 5 w
4 1 8 4 8 w
4 1 8 5 9 w
4 1 8 6 9 w
4 1 8 7 8 w
4 1 8 8 7 w
4 1 8 9 3 w
4 1 9 1 6 w
4 1 9 2 7 w
4 1 9 3 9 w
4 1 9 4 2 w
4 1 9 5 7 w
4 1 9 6 7 w
4 1 9 7 7 w
4 1 9 8 5 w
4 1 9 9 7 w
4 2 1 1 2 w
4 2 1 2 2 w
4 2 1 3 5 w
4 2 1 4 1 w
4 2 1 5 8 w
4 2 1 6 6 w
4 2 1 7 7 w
4 2 1 8 2 w
4 2 1 9 8 w
4 2 2 1 5 w
4 2 2 2 7 w
4 2 2 3 9 w
4 2 2 4 7 w
4 2 2 5 8 w
4 2 2 6 5 w
4 2 2 7 1 w
4 2 2 8 5 w
4 2 2 9 8 w
4 2 3 1 6 w
4 2 3 2 1 w
4 2 3 3 2 w
4 2 3 4 6 w
4 2 3 5 9 w
4 2 3 6 6 w
4 2 3 7 5 w
4 2 3 8 9 w
4 2 3 9 5 w
4 2 4 1 7 w
4 2 4 2 8 w
4 2 4 3 3 w
4 2 4 4 2 w
4 2 4 5 9 w
4 2 4 6 4 w
4 2 4 7 5 w
4 2 4 8 4 w
4 2 4 9 2 w
4 2 5 1 6 w
4 2 5 2 1 w
4 2 5 3 9 w
4 2 5 4 7 w
4 2 5 5 6 w
4 2 5 6 5 w
4 2 5 7 2 w
4 2 5 8 4 w
4 2 5 9 5 w
4 2 6 1 5 w
4 2 6 2 2 w
4 2 6 3 1 w
4 2 6 4 7 w
4 2 6 5 9 w
4 2 6 6 8 w
4 2 6 7 2 w
4 2 6 8 2 w
4 2 6 9 4 w
4 2 7 1 9 w
4 2 7 2 5 w
4 2 7 3 2 w
4 2 7 4 1 w
4 2 7 5 6 w
4 2 7 6 9 w
4 2 7 7 2 w
4 2 7 8 8 w
4 2 7 9 1 w
4 2 8 1 1 w
4 2 8 2 2 w
4 2 8 3 3 w
4 2 8 4 2 w
4 2 8 5 5 w
4 2 8 6 8 w
4 2 8 7 9 w
4 2 8 8 1 w
4 2 8 9 5 w
4 2 9 1 7 w
4 2 9 2 1 w
4 2 9 3 7 t
4 2 9 4 7 w
4 2 9 5 9 w
4 2 9 6 6 w
4 2 9 7 8 t
4 2 9 8 7 t
4 2 9 9 7 w
4 3 1 1 8 w
4 3 1 2 7 w
4 3 1 3 7 w
4 3 1 4 1 w
4 3 1 5 5 w
4 3 1 6 4 w
4 3 1 7 3 w
4 3 1 8 7 w
4 3 1 9 5 w
4 3 2 1 2 w
4 3 2 2 1 w
4 3 2 3 9 w
4 3 2 4 7 w
4 3 2 5 4 w
4 3 2 6 1 w
4 3 2 7 5 w
4 3 2 8 1 w
4 3 2 9 7 w
4 3 3 1 7 w
4 3 3 2 7 w
4 3 3 3 3 w
4 3 3 4 3 w
4 3 3 5 6 w
4 3 3 6 3 w
4 3 3 7 9 w
4 3 3 8 7 w
4 3 3 9 4 w
4 3 4 1 8 w
4 3 4 2 8 w
4 3 4 3 5 w
4 3 4 4 3 w
4 3 4 5 6 w
4 3 4 6 5 w
4 3 4 7 9 w
4 3 4 8 7 w
4 3 4 9 6 w
4 3 5 1 4 w
4 3 5 2 9 w
4 3 5 3 6 w
4 3 5 4 3 w
4 3 5 5 6 w
4 3 5 6 7 w
4 3 5 7 4 w
4 3 5 8 1 w
4 3 5 9 2 w
4 3 6 1 5 w
4 3 6 2 9 w
4 3 6 3 5 w
4 3 6 4 3 w
4 3 6 5 3 w
4 3 6 6 1 w
4 3 6 7 4 w
4 3 6 8 2 w
4 3 6 9 7 w
4 3 7 1 3 w
4 3 7 2 9 w
4 3 7 3 9 w
4 3 7 4 3 w
4 3 7 5 2 w
4 3 7 6 3 w
4 3 7 7 6 w
4 3 7 8 8 w
4 3 7 9 6 w
4 3 8 1 1 w
4 3 8 2 2 w
4 3 8 3 1 w
4 3 8 4 6 w
4 3 8 5 7 w
4 3 8 6 3 w
4 3 8 7 3 w
4 3 8 8 7 w
4 3 8 9 7 w
4 3 9 1 1 w
4 3 9 2 8 t
4 3 9 3 6 w
4 3 9 4 2 w
4 3 9 5 8 w
4 3 9 6 1 w
4 3 9 7 8 t
4 3 9 8 7 t
4 3 9 9 5 w
4 4 1 1 4 w
4 4 1 2 5 w
4 4 1 3 5 w
4 4 1 4 4 w
4 4 1 5 2 w
4 4 1 6 9 w
4 4 1 7 1 w
4 4 1 8 1 w
4 4 1 9 1 w
4 4 2 1 6 w
4 4 2 2 2 w
4 4 2 3 2 w
4 4 2 4 6 w
4 4 2 5 8 w
4 4 2 6 1 w
4 4 2 7 5 w
4 4 2 8 6 w
4 4 2 9 1 w
4 4 3 1 9 w
4 4 3 2 1 w
4 4 3 3 5 w
4 4 3 4 2 w
4 4 3 5 2 w
4 4 3 6 8 w
4 4 3 7 3 w
4 4 3 8 5 w
4 4 3 9 7 w
4 4 4 1 5 w
4 4 4 2 9 w
4 4 4 3 2 w
4 4 4 4 4 w
4 4 4 5 7 w
4 4 4 6 3 w
4 4 4 7 1 w
4 4 4 8 7 w
4 4 4 9 2 w
4 4 5 1 5 w
4 4 5 2 4 w
4 4 5 3 2 w
4 4 5 4 2 w
4 4 5 5 6 w
4 4 5 6 6 w
4 4 5 7 4 w
4 4 5 8 4 w
4 4 5 9 8 w
4 4 6 1 2 w
4 4 6 2 2 w
4 4 6 3 6 w
4 4 6 4 5 w
4 4 6 5 2 w
4 4 6 6 3 w
4 4 6 7 9 w
4 4 6 8 3 w
4 4 6 9 6 w
4 4 7 1 4 w
4 4 7 2 2 w
4 4 7 3 9 w
4 4 7 4 1 w
4 4 7 5 3 w
4 4 7 6 9 w
4 4 7 7 3 w
4 4 7 8 7 w
4 4 7 9 8 w
4 4 8 1 7 w
4 4 8 2 9 w
4 4 8 3 1 w
4 4 8 4 3 w
4 4 8 5 1 w
4 4 8 6 2 w
4 4 8 7 6 w
4 4 8 8 4 w
4 4 8 9 4 w
4 4 9 1 9 w
4 4 9 2 6 w
4 4 9 3 6 w
4 4 9 4 6 w
4 4 9 5 4 w
4 4 9 6 6 w
4 4 9 7 3 w
4 4 9 8 9 w
4 4 9 9 6 w
4 5 1 1 1 w
4 5 1 2 2 w
4 5 1 3 3 w
4 5 1 4 8 w
4 5 1 5 8 w
4 5 1 6 5 w
4 5 1 7 6 w
4 5 1 8 5 w
4 5 1 9 8 w
4 5 2 1 9 w
4 5 2 2 7 w
4 5 2 3 4 w
4 5 2 4 2 w
4 5 2 5 7 w
4 5 2 6 3 w
4 5 2 7 7 w
4 5 2 8 5 w
4 5 2 9 8 w
4 5 3 1 4 w
4 5 3 2 8 w
4 5 3 3 5 w
4 5 3 4 3 w
4 5 3 5 5 w
4 5 3 6 7 w
4 5 3 7 7 w
4 5 3 8 2 w
4 5 3 9 3 w
4 5 4 1 8 w
4 5 4 2 2 w
4 5 4 3 7 w
4 5 4 4 7 w
4 5 4 5 4 w
4 5 4 6 4 w
4 5 4 7 6 w
4 5 4 8 3 w
4 5 4 9 6 w
4 5 5 1 3 w
4 5 5 2 1 w
4 5 5 3 2 w
4 5 5 4 8 w
4 5 5 5 7 w
4 5 5 6 4 w
4 5 5 7 1 w
4 5 5 8 4 w
4 5 5 9 6 w
4 5 6 1 2 w
4 5 6 2 9 w
4 5 6 3 6 w
4 5 6 4 8 w
4 5 6 5 1 w
4 5 6 6 8 w
4 5 6 7 1 w
4 5 6 8 7 w
4 5 6 9 8 w
4 5 7 1 1 w
4 5 7 2 6 w
4 5 7 3 7 w
4 5 7 4 5 w
4 5 7 5 5 w
4 5 7 6 5 w
4 5 7 7 9 w
4 5 7 8 5 w
4 5 7 9 6 w
4 5 8 1 9 w
4 5 8 2 8 w
4 5 8 3 2 w
4 5 8 4 2 w
4 5 8 5 1 w
4 5 8 6 4 w
4 5 8 7 5 w
4 5 8 8 4 w
4 5 8 9 2 w
4 5 9 1 3 w
4 5 9 2 6 w
4 5 9 3 1 w
4 5 9 4 1 w
4 5 9 5 6 w
4 5 9 6 2 w
4 5 9 7 8 w
4 5 9 8 5 w
4 5 9 9 4 w
4 6 1 1 1 w
4 6 1 2 8 w
4 6 1 3 2 w
4 6 1 4 9 w
4 6 1 5 9 w
4 6 1 6 7 w
4 6 1 7 3 w
4 6 1 8 5 w
4 6 1 9 6 w
4 6 2 1 1 w
4 6 2 2 7 w
4 6 2 3 1 w
4 6 2 4 3 w
4 6 2 5 7 w
4 6 2 6 4 w
4 6 2 7 4 w
4 6 2 8 5 w
4 6 2 9 9 w
4 6 3 1 3 w
4 6 3 2 5 w
4 6 3 3 1 w
4 6 3 4 5 w
4 6 3 5 2 w
4 6 3 6 8 w
4 6 3 7 7 w
4 6 3 8 1 w
4 6 3 9 9 w
4 6 4 1 3 w
4 6 4 2 1 w
4 6 4 3 2 w
4 6 4 4 9 w
4 6 4 5 1 w
4 6 4 6 2 w
4 6 4 7 5 w
4 6 4 8 2 w
4 6 4 9 7 w
4 6 5 1 1 w
4 6 5 2 2 w
4 6 5 3 9 w
4 6 5 4 9 w
4 6 5 5 2 w
4 6 5 6 4 w
4 6 5 7 5 w
4 6 5 8 6 w
4 6 5 9 9 w
4 6 6 1 3 w
4 6 6 2 4 w
4 6 6 3 2 w
4 6 6 4 7 w
4 6 6 5 1 w
4 6 6 6 9 w
4 6 6 7 1 w
4 6 6 8 1 w
4 6 6 9 8 w
4 6 7 1 9 w
4 6 7 2 3 w
4 6 7 3 7 w
4 6 7 4 7 w
4 6 7 5 6 w
4 6 7 6 6 w
4 6 7 7 4 w
4 6 7 8 1 w
4 6 7 9 5 w
4 6 8 1 9 w
4 6 8 2 9 w
4 6 8 3 5 w
4 6 8 4 7 w
4 6 8 5 8 w
4 6 8 6 6 w
4 6 8 7 6 w
4 6 8 8 2 w
4 6 8 9 3 w
4 6 9 1 4 w
4 6 9 2 7 w
4 6 9 3 1 w
4 6 9 4 5 w
4 6 9 5 7 w
4 6 9 6 1 w
4 6 9 7 8 t
4 6 9 8 7 w
4 6 9 9 5 w
4 7 1 1 2 w
4 7 1 2 9 w
4 7 1 3 2 w
4 7 1 4 9 w
4 7 1 5 3 w
4 7 1 6 3 w
4 7 1 7 4 w
4 7 1 8 5 w
4 7 1 9 4 w
4 7 2 1 7 w
4 7 2 2 8 w
4 7 2 3 4 w
4 7 2 4 5 w
4 7 2 5 7 w
4 7 2 6 9 w
4 7 2 7 1 w
4 7 2 8 6 w
4 7 2 9 8 w
4 7 3 1 6 w
4 7 3 2 7 w
4 7 3 3 6 w
4 7 3 4 9 w
4 7 3 5 7 w
4 7 3 6 9 w
4 7 3 7 8 w
4 7 3 8 5 w
4 7 3 9 9 w
4 7 4 1 1 w
4 7 4 2 1 w
4 7 4 3 4 w
4 7 4 4 4 w
4 7 4 5 2 w
4 7 4 6 1 w
4 7 4 7 9 w
4 7 4 8 4 w
4 7 4 9 8 w
4 7 5 1 7 w
4 7 5 2 1 w
4 7 5 3 2 w
4 7 5 4 2 w
4 7 5 5 5 w
4 7 5 6 9 w
4 7 5 7 8 w
4 7 5 8 1 w
4 7 5 9 4 w
4 7 6 1 1 w
4 7 6 2 5 w
4 7 6 3 1 w
4 7 6 4 1 w
4 7 6 5 2 w
4 7 6 6 9 w
4 7 6 7 8 w
4 7 6 8 7 w
4 7 6 9 8 w
4 7 7 1 8 w
4 7 7 2 7 w
4 7 7 3 2 w
4 7 7 4 2 w
4 7 7 5 8 w
4 7 7 6 1 w
4 7 7 7 6 w
4 7 7 8 5 w
4 7 7 9 4 w
4 7 8 1 1 w
4 7 8 2 4 w
4 7 8 3 3 w
4 7 8 4 8 w
4 7 8 5 4 w
4 7 8 6 5 w
4 7 8 7 9 w
4 7 8 8 9 w
4 7 8 9 1 w
4 7 9 1 1 w
4 7 9 2 3 t
4 7 9 3 2 w
4 7 9 4 1 w
4 7 9 5 6 w
4 7 9 6 2 w
4 7 9 7 5 w
4 7 9 8 5 w
4 7 9 9 4 w
4 8 1 1 4 w
4 8 1 2 3 w
4 8 1 3 6 w
4 8 1 4 9 w
4 8 1 5 8 w
4 8 1 6 6 w
4 8 1 7 4 w
4 8 1 8 9 w
4 8 1 9 8 w
4 8 2 1 2 w
4 8 2 2 5 w
4 8 2 3 9 w
4 8 2 4 9 w
4 8 2 5 3 w
4 8 2 6 6 w
4 8 2 7 9 w
4 8 2 8 3 w
4 8 2 9 2 w
4 8 3 1 6 t
4 8 3 2 8 w
4 8 3 3 5 w
4 8 3 4 1 w
4 8 3 5 5 w
4 8 3 6 9 t
4 8 3 7 6 w
4 8 3 8 9 w
4 8 3 9 6 t
4 8 4 1 5 w
4 8 4 2 8 w
4 8 4 3 6 w
4 8 4 4 9 w
4 8 4 5 6 w
4 8 4 6 5 w
4 8 4 7 3 w
4 8 4 8 9 w
4 8 4 9 9 w
4 8 5 1 4 w
4 8 5 2 9 w
4 8 5 3 8 w
4 8 5 4 6 w
4 8 5 5 8 w
4 8 5 6 5 w
4 8 5 7 7 w
4 8 5 8 5 w
4 8 5 9 1 w
4 8 6 1 7 w
4 8 6 2 8 w
4 8 6 3 6 w
4 8 6 4 1 w
4 8 6 5 4 w
4 8 6 6 7 w
4 8 6 7 6 w
4 8 6 8 4 w
4 8 6 9 7 w
4 8 7 1 8 w
4 8 7 2 4 w
4 8 7 3 7 w
4 8 7 4 2 w
4 8 7 5 3 w
4 8 7 6 2 w
4 8 7 7 2 w
4 8 7 8 1 w
4 8 7 9 2 w
4 8 8 1 6 w
4 8 8 2 8 w
4 8 8 3 2 w
4 8 8 4 4 w
4 8 8 5 2 w
4 8 8 6 2 w
4 8 8 7 6 w
4 8 8 8 5 w
4 8 8 9 3 w
4 8 9 1 7 w
4 8 9 2 9 w
4 8 9 3 6 w
4 8 9 4 5 w
4 8 9 5 6 w
4 8 9 6 7 w
4 8 9 7 5 w
4 8 9 8 1 w
4 8 9 9 6 w
4 9 1 1 8 w
4 9 1 2 5 w
4 9 1 3 3 w
4 9 1 4 3 w
4 9 1 5 4 w
4 9 1 6 5 w
4 9 1 7 4 w
4 9 1 8 9 w
4 9 1 9 2 w
4 9 2 1 4 w
4 9 2 2 8 w
4 9 2 3 8 w
4 9 2 4 1 w
4 9 2 5 5 w
4 9 2 6 2 w
4 9 2 7 5 w
4 9 2 8 6 w
4 9 2 9 4 w
4 9 3 1 2 t
4 9 3 2 1 t
4 9 3 3 8 w
4 9 3 4 9 w
4 9 3 5 2 w
4 9 3 6 5 w
4 9 3 7 7 w
4 9 3 8 2 t
4 9 3 9 8 w
4 9 4 1 8 w
4 9 4 2 9 w
4 9 4 3 9 w
4 9 4 4 8 w
4 9 4 5 7 w
4 9 4 6 2 w
4 9 4 7 4 w
4 9 4 8 6 w
4 9 4 9 6 w
4 9 5 1 4 w
4 9 5 2 1 w
4 9 5 3 1 w
4 9 5 4 8 w
4 9 5 5 7 w
4 9 5 6 4 w
4 9 5 7 1 w
4 9 5 8 8 w
4 9 5 9 8 w
4 9 6 1 3 w
4 9 6 2 2 w
4 9 6 3 5 w
4 9 6 4 2 w
4 9 6 5 4 w
4 9 6 6 1 w
4 9 6 7 9 w
4 9 6 8 4 w
4 9 6 9 9 w
4 9 7 1 7 w
4 9 7 2 2 w
4 9 7 3 1 w
4 9 7 4 3 w
4 9 7 5 9 w
4 9 7 6 6 w
4 9 7 7 8 w
4 9 7 8 9 w
4 9 7 9 9 w
4 9 8 1 3 w
4 9 8 2 3 w
4 9 8 3 3 w
4 9 8 4 2 w
4 9 8 5 1 w
4 9 8 6 3 w
4 9 8 7 7 w
4 9 8 8 2 w
4 9 8 9 5 w
4 9 9 1 1 w
4 9 9 2 2 w
4 9 9 3 9 w
4 9 9 4 6 w
4 9 9 5 4 w
4 9 9 6 3 w
4 9 9 7 8 w
4 9 9 8 3 w
4 9 9 9 3 w
5 1 1 1 5 w
5 1 1 2 1 w
5 1 1 3 8 w
5 1 1 4 7 w
5 1 1 5 1 w
5 1 1 6 4 w
5 1 1 7 7 w
5 1 1 8 3 w
5 1 1 9 5 w
5 1 2 1 4 w
5 1 2 2 5 w
5 1 2 3 5 w
5 1 2 4 4 w
5 1 2 5 2 w
5 1 2 6 7 w
5 1 2 7 8 w
5 1 2 8 8 w
5 1 2 9 8 w
5 1 3 1 3 w
5 1 3 2 5 w
5 1 3 3 2 w
5 1 3 4 1 w
5 1 3 5 3 w
5 1 3 6 5 w
5 1 3 7 2 w
5 1 3 8 1 w
5 1 3 9 7 w
5 1 4 1 2 w
5 1 4 2 1 w
5 1 4 3 2 w
5 1 4 4 3 w
5 1 4 5 8 w
5 1 4 6 5 w
5 1 4 7 8 w
5 1 4 8 5 w
5 1 4 9 8 w
5 1 5 1 4 w
5 1 5 2 6 w
5 1 5 3 8 w
5 1 5 4 6 w
5 1 5 5 6 w
5 1 5 6 1 w
5 1 5 7 3 w
5 1 5 8 3 w
5 1 5 9 1 w
5 1 6 1 1 w
5 1 6 2 8 w
5 1 6 3 6 w
5 1 6 4 7 w
5 1 6 5 5 w
5 1 6 6 3 w
5 1 6 7 1 w
5 1 6 8 4 w
5 1 6 9 2 w
5 1 7 1 3 w
5 1 7 2 5 w
5 1 7 3 3 w
5 1 7 4 1 w
5 1 7 5 5 w
5 1 7 6 7 w
5 1 7 7 2 w
5 1 7 8 6 w
5 1 7 9 5 w
5 1 8 1 3 w
5 1 8 2 9 w
5 1 8 3 4 w
5 1 8 4 7 w
5 1 8 5 3 w
5 1 8 6 2 w
5 1 8 7 1 w
5 1 8 8 5 w
5 1 8 9 8 w
5 1 9 1 4 w
5 1 9 2 2 w
5 1 9 3 9 w
5 1 9 4 2 w
5 1 9 5 2 w
5 1 9 6 3 w
5 1 9 7 5 w
5 1 9 8 3 w
5 1 9 9 1 w
5 2 1 1 9 w
5 2 1 2 5 w
5 2 1 3 8 w
5 2 1 4 3 w
5 2 1 5 8 w
5 2 1 6 7 w
5 2 1 7 7 w
5 2 1 8 4 w
5 2 1 9 2 w
5 2 2 1 9 w
5 2 2 2 7 w
5 2 2 3 9 w
5 2 2 4 8 w
5 2 2 5 1 w
5 2 2 6 3 w
5 2 2 7 3 w
5 2 2 8 9 w
5 2 2 9 3 w
5 2 3 1 3 w
5 2 3 2 7 w
5 2 3 3 2 w
5 2 3 4 9 w
5 2 3 5 5 w
5 2 3 6 9 w
5 2 3 7 9 w
5 2 3 8 6 w
5 2 3 9 6 t
5 2 4 1 4 w
5 2 4 2 1 w
5 2 4 3 7 t
5 2 4 4 3 w
5 2 4 5 1 w
5 2 4 6 3 w
5 2 4 7 3 t
5 2 4 8 1 w
5 2 4 9 3 t
5 2 5 1 4 w
5 2 5 2 5 w
5 2 5 3 7 w
5 2 5 4 4 w
5 2 5 5 8 w
5 2 5 6 6 w
5 2 5 7 4 w
5 2 5 8 3 w
5 2 5 9 9 w
5 2 6 1 9 w
5 2 6 2 2 w
5 2 6 3 7 w
5 2 6 4 6 w
5 2 6 5 5 w
5 2 6 6 8 w
5 2 6 7 3 t
5 2 6 8 8 w
5 2 6 9 7 w
5 2 7 1 2 w
5 2 7 2 3 w
5 2 7 3 9 w
5 2 7 4 6 t
5 2 7 5 4 w
5 2 7 6 4 t
5 2 7 7 5 w
5 2 7 8 2 w
5 2 7 9 6 t
5 2 8 1 3 w
5 2 8 2 6 w
5 2 8 3 5 w
5 2 8 4 6 w
5 2 8 5 4 w
5 2 8 6 6 w
5 2 8 7 6 w
5 2 8 8 4 w
5 2 8 9 6 w
5 2 9 1 2 w
5 2 9 2 5 w
5 2 9 3 7 w
5 2 9 4 1 w
5 2 9 5 8 w
5 2 9 6 7 w
5 2 9 7 6 t
5 2 9 8 4 w
5 2 9 9 3 w
5 3 1 1 3 w
5 3 1 2 6 w
5 3 1 3 2 w
5 3 1 4 3 w
5 3 1 5 6 w
5 3 1 6 4 w
5 3 1 7 9 w
5 3 1 8 6 w
5 3 1 9 1 w
5 3 2 1 7 w
5 3 2 2 8 w
5 3 2 3 1 w
5 3 2 4 5 w
5 3 2 5 7 w
5 3 2 6 6 w
5 3 2 7 2 w
5 3 2 8 4 w
5 3 2 9 8 w
5 3 3 1 9 w
5 3 3 2 8 w
5 3 3 3 5 w
5 3 3 4 6 w
5 3 3 5 9 w
5 3 3 6 9 w
5 3 3 7 5 w
5 3 3 8 5 w
5 3 3 9 8 w
5 3 4 1 9 w
5 3 4 2 8 t
5 3 4 3 4 w
5 3 4 4 6 w
5 3 4 5 5 w
5 3 4 6 4 w
5 3 4 7 2 w
5 3 4 8 2 t
5 3 4 9 8 t
5 3 5 1 6 w
5 3 5 2 3 w
5 3 5 3 4 w
5 3 5 4 8 w
5 3 5 5 6 w
5 3 5 6 7 w
5 3 5 7 9 w
5 3 5 8 6 w
5 3 5 9 5 w
5 3 6 1 8 w
5 3 6 2 2 w
5 3 6 3 3 w
5 3 6 4 5 w
5 3 6 5 7 w
5 3 6 6 8 w
5 3 6 7 1 w
5 3 6 8 6 w
5 3 6 9 7 w
5 3 7 1 7 w
5 3 7 2 6 w
5 3 7 3 4 w
5 3 7 4 8 w
5 3 7 5 3 w
5 3 7 6 4 w
5 3 7 7 6 w
5 3 7 8 1 w
5 3 7 9 3 w
5 3 8 1 7 w
5 3 8 2 8 w
5 3 8 3 9 w
5 3 8 4 3 w
5 3 8 5 3 w
5 3 8 6 5 w
5 3 8 7 7 w
5 3 8 8 2 w
5 3 8 9 2 w
5 3 9 1 8 w
5 3 9 2 5 w
5 3 9 3 3 w
5 3 9 4 1 w
5 3 9 5 8 w
5 3 9 6 4 w
5 3 9 7 2 w
5 3 9 8 4 w
5 3 9 9 6 w
5 4 1 1 4 w
5 4 1 2 5 w
5 4 1 3 1 w
5 4 1 4 4 w
5 4 1 5 6 w
5 4 1 6 7 w
5 4 1 7 3 w
5 4 1 8 7 w
5 4 1 9 1 w
5 4 2 1 5 w
5 4 2 2 8 w
5 4 2 3 7 t
5 4 2 4 5 w
5 4 2 5 5 w
5 4 2 6 2 w
5 4 2 7 3 t
5 4 2 8 4 w
5 4 2 9 7 t
5 4 3 1 2 w
5 4 3 2 8 t
5 4 3 3 6 w
5 4 3 4 3 w
5 4 3 5 7 w
5 4 3 6 4 w
5 4 3 7 6 w
5 4 3 8 2 t
5 4 3 9 8 t
5 4 4 1 3 w
5 4 4 2 9 w
5 4 4 3 3 w
5 4 4 4 2 w
5 4 4 5 8 w
5 4 4 6 2 w
5 4 4 7 1 w
5 4 4 8 3 w
5 4 4 9 3 w
5 4 5 1 5 w
5 4 5 2 5 w
5 4 5 3 9 w
5 4 5 4 5 w
5 4 5 5 7 w
5 4 5 6 5 w
5 4 5 7 4 w
5 4 5 8 3 w
5 4 5 9 9 w
5 4 6 1 5 w
5 4 6 2 9 w
5 4 6 3 7 w
5 4 6 4 8 w
5 4 6 5 4 w
5 4 6 6 5 w
5 4 6 7 4 w
5 4 6 8 5 w
5 4 6 9 7 w
5 4 7 1 3 w
5 4 7 2 8 t
5 4 7 3 3 w
5 4 7 4 2 w
5 4 7 5 2 w
5 4 7 6 1 w
5 4 7 7 8 w
5 4 7 8 2 w
5 4 7 9 2 w
5 4 8 1 8 w
5 4 8 2 6 w
5 4 8 3 7 t
5 4 8 4 7 w
5 4 8 5 6 w
5 4 8 6 2 w
5 4 8 7 3 w
5 4 8 8 2 w
5 4 8 9 3 w
5 4 9 1 9 w
5 4 9 2 6 w
5 4 9 3 7 t
5 4 9 4 4 w
5 4 9 5 1 w
5 4 9 6 7 w
5 4 9 7 3 w
5 4 9 8 3 w
5 4 9 9 3 w
5 5 1 1 1 w
5 5 1 2 5 w
5 5 1 3 6 w
5 5 1 4 5 w
5 5 1 5 6 w
5 5 1 6 4 w
5 5 1 7 1 w
5 5 1 8 4 w
5 5 1 9 4 w
5 5 2 1 1 w
5 5 2 2 9 w
5 5 2 3 6 w
5 5 2 4 1 w
5 5 2 5 9 w
5 5 2 6 2 w
5 5 2 7 3 w
5 5 2 8 5 w
5 5 2 9 5 w
5 5 3 1 6 w
5 5 3 2 4 w
5 5 3 3 6 w
5 5 3 4 6 w
5 5 3 5 3 w
5 5 3 6 1 w
5 5 3 7 9 w
5 5 3 8 4 w
5 5 3 9 2 w
5 5 4 1 5 w
5 5 4 2 2 w
5 5 4 3 9 w
5 5 4 4 8 w
5 5 4 5 4 w
5 5 4 6 5 w
5 5 4 7 7 w
5 5 4 8 9 w
5 5 4 9 4 w
5 5 5 1 6 w
5 5 5 2 7 w
5 5 5 3 2 w
5 5 5 4 6 w
5 5 5 5 7 w
5 5 5 6 3 w
5 5 5 7 9 w
5 5 5 8 3 w
5 5 5 9 2 w
5 5 6 1 7 w
5 5 6 2 8 w
5 5 6 3 4 w
5 5 6 4 3 w
5 5 6 5 2 w
5 5 6 6 2 w
5 5 6 7 8 w
5 5 6 8 6 w
5 5 6 9 7 w
5 5 7 1 9 w
5 5 7 2 7 w
5 5 7 3 3 w
5 5 7 4 6 w
5 5 7 5 4 w
5 5 7 6 8 w
5 5 7 7 7 w
5 5 7 8 2 w
5 5 7 9 2 w
5 5 8 1 4 w
5 5 8 2 2 w
5 5 8 3 8 w
5 5 8 4 8 w
5 5 8 5 8 w
5 5 8 6 7 w
5 5 8 7 5 w
5 5 8 8 2 w
5 5 8 9 7 w
5 5 9 1 6 w
5 5 9 2 2 w
5 5 9 3 4 w
5 5 9 4 8 w
5 5 9 5 4 w
5 5 9 6 6 w
5 5 9 7 8 w
5 5 9 8 4 w
5 5 9 9 2 w
5 6 1 1 6 w
5 6 1 2 7 w
5 6 1 3 9 w
5 6 1 4 5 w
5 6 1 5 2 w
5 6 1 6 3 w
5 6 1 7 8 w
5 6 1 8 7 w
5 6 1 9 5 w
5 6 2 1 2 w
5 6 2 2 7 w
5 6 2 3 1 w
5 6 2 4 6 w
5 6 2 5 2 w
5 6 2 6 7 w
5 6 2 7 4 w
5 6 2 8 5 w
5 6 2 9 7 w
5 6 3 1 6 w
5 6 3 2 3 w
5 6 3 3 4 w
5 6 3 4 6 w
5 6 3 5 7 w
5 6 3 6 8 w
5 6 3 7 2 w
5 6 3 8 6 w
5 6 3 9 1 w
5 6 4 1 5 w
5 6 4 2 8 w
5 6 4 3 3 w
5 6 4 4 2 w
5 6 4 5 8 w
5 6 4 6 1 w
5 6 4 7 3 w
5 6 4 8 7 w
5 6 4 9 4 w
5 6 5 1 5 w
5 6 5 2 4 w
5 6 5 3 8 w
5 6 5 4 9 w
5 6 5 5 4 w
5 6 5 6 8 w
5 6 5 7 1 w
5 6 5 8 3 w
5 6 5 9 6 w
5 6 6 1 1 w
5 6 6 2 2 w
5 6 6 3 9 w
5 6 6 4 4 w
5 6 6 5 3 w
5 6 6 6 8 w
5 6 6 7 3 w
5 6 6 8 7 w
5 6 6 9 6 w
5 6 7 1 3 w
5 6 7 2 8 t
5 6 7 3 6 w
5 6 7 4 2 w
5 6 7 5 7 w
5 6 7 6 7 w
5 6 7 7 7 w
5 6 7 8 2 w
5 6 7 9 2 w
5 6 8 1 2 w
5 6 8 2 9 w
5 6 8 3 7 w
5 6 8 4 1 w
5 6 8 5 8 w
5 6 8 6 1 w
5 6 8 7 7 w
5 6 8 8 3 w
5 6 8 9 5 w
5 6 9 1 8 w
5 6 9 2 9 w
5 6 9 3 3 w
5 6 9 4 8 w
5 6 9 5 5 w
5 6 9 6 5 w
5 6 9 7 3 w
5 6 9 8 3 w
5 6 9 9 9 w
5 7 1 1 1 w
5 7 1 2 4 w
5 7 1 3 3 w
5 7 1 4 6 w
5 7 1 5 6 w
5 7 1 6 5 w
5 7 1 7 4 w
5 7 1 8 8 w
5 7 1 9 7 w
5 7 2 1 2 w
5 7 2 2 8 w
5 7 2 3 6 w
5 7 2 4 6 t
5 7 2 5 1 w
5 7 2 6 4 t
5 7 2 7 6 w
5 7 2 8 5 w
5 7 2 9 6 t
5 7 3 1 8 w
5 7 3 2 3 w
5 7 3 3 6 w
5 7 3 4 3 w
5 7 3 5 7 w
5 7 3 6 4 w
5 7 3 7 1 w
5 7 3 8 1 w
5 7 3 9 3 w
5 7 4 1 9 w
5 7 4 2 4 w
5 7 4 3 2 w
5 7 4 4 6 w
5 7 4 5 3 w
5 7 4 6 9 w
5 7 4 7 9 w
5 7 4 8 4 w
5 7 4 9 2 w
5 7 5 1 5 w
5 7 5 2 3 w
5 7 5 3 3 w
5 7 5 4 3 w
5 7 5 5 7 w
5 7 5 6 9 w
5 7 5 7 8 w
5 7 5 8 3 w
5 7 5 9 3 w
5 7 6 1 8 w
5 7 6 2 4 w
5 7 6 3 6 w
5 7 6 4 8 w
5 7 6 5 6 w
5 7 6 6 6 w
5 7 6 7 5 w
5 7 6 8 1 w
5 7 6 9 8 w
5 7 7 1 7 w
5 7 7 2 5 w
5 7 7 3 5 w
5 7 7 4 4 w
5 7 7 5 2 w
5 7 7 6 2 w
5 7 7 7 6 w
5 7 7 8 9 w
5 7 7 9 1 w
5 7 8 1 7 w
5 7 8 2 7 w
5 7 8 3 8 w
5 7 8 4 1 w
5 7 8 5 9 w
5 7 8 6 1 w
5 7 8 7 5 w
5 7 8 8 1 w
5 7 8 9 1 w
5 7 9 1 7 w
5 7 9 2 2 w
5 7 9 3 6 w
5 7 9 4 5 w
5 7 9 5 1 w
5 7 9 6 1 w
5 7 9 7 8 w
5 7 9 8 5 w
5 7 9 9 7 w
5 8 1 1 8 w
5 8 1 2 9 w
5 8 1 3 8 w
5 8 1 4 6 w
5 8 1 5 1 w
5 8 1 6 4 w
5 8 1 7 7 w
5 8 1 8 6 w
5 8 1 9 4 w
5 8 2 1 1 w
5 8 2 2 7 w
5 8 2 3 8 w
5 8 2 4 7 w
5 8 2 5 9 w
5 8 2 6 4 w
5 8 2 7 5 w
5 8 2 8 7 w
5 8 2 9 9 w
5 8 3 1 5 w
5 8 3 2 6 w
5 8 3 3 2 w
5 8 3 4 6 t
5 8 3 5 1 w
5 8 3 6 4 w
5 8 3 7 5 w
5 8 3 8 3 w
5 8 3 9 4 w
5 8 4 1 5 w
5 8 4 2 9 w
5 8 4 3 9 w
5 8 4 4 1 w
5 8 4 5 3 w
5 8 4 6 9 w
5 8 4 7 8 w
5 8 4 8 3 w
5 8 4 9 6 w
5 8 5 1 4 w
5 8 5 2 9 w
5 8 5 3 9 w
5 8 5 4 6 w
5 8 5 5 1 w
5 8 5 6 5 w
5 8 5 7 8 w
5 8 5 8 3 w
5 8 5 9 3 w
5 8 6 1 7 w
5 8 6 2 4 w
5 8 6 3 7 w
5 8 6 4 4 w
5 8 6 5 8 w
5 8 6 6 4 w
5 8 6 7 8 w
5 8 6 8 3 w
5 8 6 9 7 w
5 8 7 1 6 w
5 8 7 2 9 w
5 8 7 3 6 w
5 8 7 4 3 w
5 8 7 5 9 w
5 8 7 6 7 w
5 8 7 7 2 w
5 8 7 8 2 w
5 8 7 9 4 w
5 8 8 1 3 w
5 8 8 2 4 w
5 8 8 3 2 w
5 8 8 4 4 w
5 8 8 5 4 w
5 8 8 6 1 w
5 8 8 7 3 w
5 8 8 8 7 w
5 8 8 9 9 w
5 8 9 1 4 w
5 8 9 2 4 w
5 8 9 3 4 w
5 8 9 4 3 w
5 8 9 5 7 w
5 8 9 6 6 w
5 8 9 7 5 w
5 8 9 8 5 w
5 8 9 9 9 w
5 9 1 1 4 w
5 9 1 2 9 w
5 9 1 3 3 w
5 9 1 4 5 w
5 9 1 5 9 w
5 9 1 6 8 w
5 9 1 7 1 w
5 9 1 8 8 w
5 9 1 9 5 w
5 9 2 1 6 w
5 9 2 2 3 w
5 9 2 3 4 w
5 9 2 4 6 t
5 9 2 5 9 w
5 9 2 6 4 t
5 9 2 7 4 t
5 9 2 8 8 w
5 9 2 9 9 w
5 9 3 1 6 w
5 9 3 2 6 w
5 9 3 3 6 w
5 9 3 4 1 w
5 9 3 5 9 w
5 9 3 6 8 w
5 9 3 7 1 w
5 9 3 8 3 w
5 9 3 9 4 w
5 9 4 1 2 w
5 9 4 2 6 w
5 9 4 3 9 w
5 9 4 4 7 w
5 9 4 5 4 w
5 9 4 6 5 w
5 9 4 7 3 w
5 9 4 8 3 w
5 9 4 9 7 w
5 9 5 1 3 w
5 9 5 2 7 w
5 9 5 3 5 w
5 9 5 4 9 w
5 9 5 5 7 w
5 9 5 6 8 w
5 9 5 7 7 w
5 9 5 8 6 w
5 9 5 9 6 w
5 9 6 1 4 w
5 9 6 2 5 w
5 9 6 3 3 w
5 9 6 4 1 w
5 9 6 5 8 w
5 9 6 6 4 w
5 9 6 7 1 w
5 9 6 8 3 w
5 9 6 9 7 w
5 9 7 1 3 w
5 9 7 2 5 w
5 9 7 3 6 w
5 9 7 4 1 w
5 9 7 5 3 w
5 9 7 6 5 w
5 9 7 7 8 w
5 9 7 8 2 w
5 9 7 9 2 w
5 9 8 1 1 w
5 9 8 2 2 w
5 9 8 3 8 w
5 9 8 4 1 w
5 9 8 5 3 w
5 9 8 6 8 w
5 9 8 7 6 w
5 9 8 8 1 w
5 9 8 9 7 w
5 9 9 1 1 w
5 9 9 2 7 w
5 9 9 3 4 w
5 9 9 4 9 w
5 9 9 5 4 w
5 9 9 6 3 w
5 9 9 7 1 w
5 9 9 8 9 w
5 9 9 9 2 w
6 1 1 1 5 w
6 1 1 2 4 w
6 1 1 3 3 w
6 1 1 4 1 w
6 1 1 5 7 w
6 1 1 6 7 w
6 1 1 7 4 w
6 1 1 8 7 w
6 1 1 9 4 w
6 1 2 1 9 w
6 1 2 2 6 w
6 1 2 3 3 w
6 1 2 4 9 w
6 1 2 5 9 w
6 1 2 6 1 w
6 1 2 7 4 w
6 1 2 8 2 w
6 1 2 9 9 w
6 1 3 1 2 w
6 1 3 2 8 w
6 1 3 3 5 w
6 1 3 4 6 w
6 1 3 5 8 w
6 1 3 6 9 w
6 1 3 7 2 w
6 1 3 8 5 w
6 1 3 9 6 w
6 1 4 1 6 w
6 1 4 2 7 w
6 1 4 3 5 w
6 1 4 4 7 w
6 1 4 5 7 w
6 1 4 6 7 w
6 1 4 7 9 w
6 1 4 8 6 w
6 1 4 9 2 w
6 1 5 1 9 w
6 1 5 2 6 w
6 1 5 3 9 w
6 1 5 4 5 w
6 1 5 5 2 w
6 1 5 6 5 w
6 1 5 7 8 w
6 1 5 8 8 w
6 1 5 9 3 w
6 1 6 1 8 w
6 1 6 2 5 w
6 1 6 3 2 w
6 1 6 4 5 w
6 1 6 5 2 w
6 1 6 6 9 w
6 1 6 7 8 w
6 1 6 8 4 w
6 1 6 9 5 w
6 1 7 1 5 w
6 1 7 2 8 t
6 1 7 3 1 w
6 1 7 4 5 w
6 1 7 5 4 w
6 1 7 6 3 w
6 1 7 7 9 w
6 1 7 8 9 t
6 1 7 9 8 t
6 1 8 1 1 w
6 1 8 2 9 w
6 1 8 3 5 w
6 1 8 4 6 w
6 1 8 5 7 w
6 1 8 6 1 w
6 1 8 7 7 w
6 1 8 8 4 w
6 1 8 9 9 w
6 1 9 1 1 w
6 1 9 2 4 w
6 1 9 3 9 w
6 1 9 4 7 w
6 1 9 5 4 w
6 1 9 6 5 w
6 1 9 7 7 w
6 1 9 8 5 w
6 1 9 9 9 w
6 2 1 1 2 w
6 2 1 2 2 w
6 2 1 3 7 w
6 2 1 4 3 w
6 2 1 5 1 w
6 2 1 6 2 w
6 2 1 7 7 w
6 2 1 8 3 w
6 2 1 9 8 w
6 2 2 1 3 w
6 2 2 2 4 w
6 2 2 3 6 w
6 2 2 4 4 w
6 2 2 5 4 w
6 2 2 6 8 w
6 2 2 7 3 w
6 2 2 8 7 w
6 2 2 9 2 w
6 2 3 1 7 w
6 2 3 2 5 w
6 2 3 3 2 w
6 2 3 4 8 w
6 2 3 5 6 w
6 2 3 6 9 w
6 2 3 7 4 w
6 2 3 8 1 w
6 2 3 9 8 w
6 2 4 1 2 w
6 2 4 2 7 w
6 2 4 3 8 w
6 2 4 4 9 w
6 2 4 5 3 w
6 2 4 6 6 w
6 2 4 7 5 w
6 2 4 8 2 w
6 2 4 9 8 w
6 2 5 1 4 w
6 2 5 2 1 w
6 2 5 3 6 w
6 2 5 4 7 w
6 2 5 5 9 w
6 2 5 6 6 w
6 2 5 7 5 w
6 2 5 8 1 w
6 2 5 9 5 w
6 2 6 1 4 w
6 2 6 2 4 w
6 2 6 3 7 w
6 2 6 4 6 w
6 2 6 5 4 w
6 2 6 6 6 w
6 2 6 7 6 w
6 2 6 8 9 w
6 2 6 9 2 w
6 2 7 1 8 t
6 2 7 2 5 w
6 2 7 3 6 w
6 2 7 4 2 w
6 2 7 5 2 w
6 2 7 6 1 w
6 2 7 7 8 w
6 2 7 8 9 t
6 2 7 9 8 t
6 2 8 1 1 w
6 2 8 2 8 w
6 2 8 3 3 w
6 2 8 4 3 w
6 2 8 5 2 w
6 2 8 6 2 w
6 2 8 7 9 w
6 2 8 8 6 w
6 2 8 9 8 w
6 2 9 1 6 w
6 2 9 2 8 w
6 2 9 3 6 w
6 2 9 4 4 w
6 2 9 5 6 w
6 2 9 6 4 w
6 2 9 7 3 w
6 2 9 8 5 w
6 2 9 9 1 w
6 3 1 1 8 w
6 3 1 2 5 w
6 3 1 3 3 w
6 3 1 4 8 w
6 3 1 5 1 w
6 3 1 6 7 w
6 3 1 7 8 w
6 3 1 8 4 t
6 3 1 9 6 w
6 3 2 1 8 w
6 3 2 2 9 w
6 3 2 3 7 w
6 3 2 4 2 w
6 3 2 5 8 w
6 3 2 6 4 w
6 3 2 7 7 w
6 3 2 8 5 w
6 3 2 9 3 w
6 3 3 1 3 w
6 3 3 2 7 w
6 3 3 3 6 w
6 3 3 4 2 w
6 3 3 5 3 w
6 3 3 6 9 w
6 3 3 7 5 w
6 3 3 8 1 w
6 3 3 9 6 w
6 3 4 1 3 w
6 3 4 2 8 w
6 3 4 3 1 w
6 3 4 4 4 w
6 3 4 5 9 w
6 3 4 6 2 w
6 3 4 7 3 w
6 3 4 8 2 w
6 3 4 9 8 w
6 3 5 1 3 w
6 3 5 2 9 w
6 3 5 3 6 w
6 3 5 4 6 w
6 3 5 5 5 w
6 3 5 6 4 w
6 3 5 7 7 w
6 3 5 8 6 w
6 3 5 9 9 w
6 3 6 1 4 w
6 3 6 2 1 w
6 3 6 3 1 w
6 3 6 4 5 w
6 3 6 5 3 w
6 3 6 6 7 w
6 3 6 7 9 w
6 3 6 8 3 w
6 3 6 9 3 w
6 3 7 1 8 w
6 3 7 2 1 w
6 3 7 3 8 w
6 3 7 4 6 w
6 3 7 5 2 w
6 3 7 6 4 w
6 3 7 7 1 w
6 3 7 8 2 w
6 3 7 9 3 w
6 3 8 1 6 w
6 3 8 2 6 w
6 3 8 3 4 w
6 3 8 4 8 w
6 3 8 5 5 w
6 3 8 6 1 w
6 3 8 7 2 w
6 3 8 8 6 w
6 3 8 9 1 w
6 3 9 1 7 w
6 3 9 2 4 w
6 3 9 3 4 w
6 3 9 4 4 w
6 3 9 5 1 w
6 3 9 6 8 w
6 3 9 7 8 w
6 3 9 8 3 w
6 3 9 9 1 w
6 4 1 1 6 w
6 4 1 2 2 w
6 4 1 3 9 w
6 4 1 4 5 w
6 4 1 5 1 w
6 4 1 6 5 w
6 4 1 7 9 w
6 4 1 8 4 w
6 4 1 9 8 w
6 4 2 1 5 w
6 4 2 2 6 w
6 4 2 3 7 w
6 4 2 4 8 w
6 4 2 5 4 w
6 4 2 6 9 w
6 4 2 7 8 w
6 4 2 8 8 w
6 4 2 9 6 w
6 4 3 1 2 w
6 4 3 2 9 w
6 4 3 3 2 w
6 4 3 4 3 w
6 4 3 5 7 w
6 4 3 6 6 w
6 4 3 7 1 w
6 4 3 8 3 w
6 4 3 9 7 w
6 4 4 1 3 w
6 4 4 2 6 w
6 4 4 3 5 w
6 4 4 4 1 w
6 4 4 5 6 w
6 4 4 6 6 w
6 4 4 7 3 w
6 4 4 8 6 w
6 4 4 9 8 w
6 4 5 1 4 w
6 4 5 2 3 w
6 4 5 3 1 w
6 4 5 4 5 w
6 4 5 5 9 w
6 4 5 6 9 w
6 4 5 7 3 w
6 4 5 8 3 w
6 4 5 9 7 w
6 4 6 1 9 w
6 4 6 2 1 w
6 4 6 3 9 w
6 4 6 4 8 w
6 4 6 5 5 w
6 4 6 6 7 w
6 4 6 7 4 w
6 4 6 8 3 w
6 4 6 9 4 w
6 4 7 1 9 w
6 4 7 2 9 w
6 4 7 3 4 w
6 4 7 4 9 w
6 4 7 5 5 w
6 4 7 6 3 w
6 4 7 7 6 w
6 4 7 8 9 w
6 4 7 9 8 t
6 4 8 1 1 w
6 4 8 2 8 w
6 4 8 3 4 w
6 4 8 4 2 w
6 4 8 5 4 w
6 4 8 6 6 w
6 4 8 7 8 w
6 4 8 8 3 w
6 4 8 9 4 w
6 4 9 1 5 w
6 4 9 2 5 w
6 4 9 3 1 w
6 4 9 4 7 w
6 4 9 5 8 w
6 4 9 6 6 w
6 4 9 7 3 w
6 4 9 8 9 w
6 4 9 9 3 w
6 5 1 1 7 w
6 5 1 2 9 w
6 5 1 3 7 w
6 5 1 4 3 w
6 5 1 5 1 w
6 5 1 6 3 w
6 5 1 7 2 w
6 5 1 8 4 w
6 5 1 9 4 w
6 5 2 1 9 w
6 5 2 2 5 w
6 5 2 3 1 w
6 5 2 4 3 w
6 5 2 5 7 w
6 5 2 6 3 w
6 5 2 7 6 w
6 5 2 8 9 w
6 5 2 9 3 w
6 5 3 1 2 w
6 5 3 2 9 w
6 5 3 3 8 w
6 5 3 4 7 w
6 5 3 5 3 w
6 5 3 6 1 w
6 5 3 7 8 w
6 5 3 8 9 w
6 5 3 9 6 w
6 5 4 1 4 w
6 5 4 2 8 w
6 5 4 3 8 w
6 5 4 4 3 w
6 5 4 5 4 w
6 5 4 6 6 w
6 5 4 7 8 w
6 5 4 8 2 w
6 5 4 9 6 w
6 5 5 1 1 w
6 5 5 2 2 w
6 5 5 3 6 w
6 5 5 4 6 w
6 5 5 5 1 w
6 5 5 6 4 w
6 5 5 7 1 w
6 5 5 8 3 w
6 5 5 9 8 w
6 5 6 1 2 w
6 5 6 2 7 w
6 5 6 3 1 w
6 5 6 4 6 w
6 5 6 5 4 w
6 5 6 6 5 w
6 5 6 7 1 w
6 5 6 8 1 w
6 5 6 9 3 w
6 5 7 1 7 w
6 5 7 2 9 w
6 5 7 3 1 w
6 5 7 4 4 w
6 5 7 5 8 w
6 5 7 6 4 w
6 5 7 7 4 w
6 5 7 8 7 w
6 5 7 9 5 w
6 5 8 1 7 w
6 5 8 2 6 w
6 5 8 3 6 w
6 5 8 4 7 w
6 5 8 5 4 w
6 5 8 6 1 w
6 5 8 7 8 w
6 5 8 8 6 w
6 5 8 9 2 w
6 5 9 1 1 w
6 5 9 2 2 w
6 5 9 3 3 w
6 5 9 4 2 w
6 5 9 5 5 w
6 5 9 6 5 w
6 5 9 7 4 w
6 5 9 8 4 w
6 5 9 9 5 w
6 6 1 1 1 w
6 6 1 2 2 w
6 6 1 3 7 w
6 6 1 4 7 w
6 6 1 5 9 w
6 6 1 6 6 w
6 6 1 7 4 w
6 6 1 8 6 w
6 6 1 9 1 w
6 6 2 1 9 w
6 6 2 2 9 w
6 6 2 3 6 w
6 6 2 4 2 w
6 6 2 5 7 w
6 6 2 6 9 w
6 6 2 7 3 w
6 6 2 8 4 w
6 6 2 9 1 w
6 6 3 1 8 w
6 6 3 2 2 w
6 6 3 3 1 w
6 6 3 4 9 w
6 6 3 5 6 w
6 6 3 6 5 w
6 6 3 7 7 w
6 6 3 8 3 w
6 6 3 9 5 w
6 6 4 1 2 w
6 6 4 2 1 w
6 6 4 3 7 w
6 6 4 4 1 w
6 6 4 5 3 w
6 6 4 6 7 w
6 6 4 7 6 w
6 6 4 8 2 w
6 6 4 9 3 w
6 6 5 1 1 w
6 6 5 2 3 w
6 6 5 3 1 w
6 6 5 4 3 w
6 6 5 5 6 w
6 6 5 6 9 w
6 6 5 7 6 w
6 6 5 8 5 w
6 6 5 9 1 w
6 6 6 1 9 w
6 6 6 2 2 w
6 6 6 3 5 w
6 6 6 4 2 w
6 6 6 5 9 w
6 6 6 6 5 w
6 6 6 7 8 w
6 6 6 8 9 w
6 6 6 9 9 w
6 6 7 1 2 w
6 6 7 2 5 w
6 6 7 3 1 w
6 6 7 4 2 w
6 6 7 5 1 w
6 6 7 6 1 w
6 6 7 7 7 w
6 6 7 8 1 w
6 6 7 9 7 w
6 6 8 1 4 w
6 6 8 2 1 w
6 6 8 3 6 w
6 6 8 4 8 w
6 6 8 5 7 w
6 6 8 6 3 w
6 6 8 7 5 w
6 6 8 8 6 w
6 6 8 9 8 w
6 6 9 1 5 w
6 6 9 2 5 w
6 6 9 3 3 w
6 6 9 4 1 w
6 6 9 5 6 w
6 6 9 6 3 w
6 6 9 7 4 w
6 6 9 8 2 w
6 6 9 9 3 w
6 7 1 1 1 w
6 7 1 2 3 t
6 7 1 3 2 t
6 7 1 4 6 w
6 7 1 5 8 w
6 7 1 6 5 w
6 7 1 7 9 w
6 7 1 8 2 t
6 7 1 9 2 w
6 7 2 1 5 w
6 7 2 2 7 w
6 7 2 3 8 w
6 7 2 4 3 w
6 7 2 5 8 w
6 7 2 6 6 w
6 7 2 7 9 w
6 7 2 8 8 w
6 7 2 9 8 w
6 7 3 1 1 w
6 7 3 2 9 w
6 7 3 3 3 w
6 7 3 4 5 w
6 7 3 5 2 w
6 7 3 6 5 w
6 7 3 7 3 w
6 7 3 8 6 w
6 7 3 9 5 w
6 7 4 1 4 w
6 7 4 2 9 w
6 7 4 3 9 w
6 7 4 4 9 w
6 7 4 5 5 w
6 7 4 6 9 w
6 7 4 7 6 w
6 7 4 8 6 w
6 7 4 9 7 w
6 7 5 1 7 w
6 7 5 2 8 w
6 7 5 3 3 w
6 7 5 4 3 w
6 7 5 5 7 w
6 7 5 6 4 w
6 7 5 7 1 w
6 7 5 8 1 w
6 7 5 9 5 w
6 7 6 1 7 w
6 7 6 2 7 w
6 7 6 3 6 w
6 7 6 4 8 w
6 7 6 5 9 w
6 7 6 6 4 w
6 7 6 7 8 w
6 7 6 8 6 w
6 7 6 9 9 w
6 7 7 1 9 w
6 7 7 2 6 w
6 7 7 3 2 w
6 7 7 4 7 w
6 7 7 5 3 w
6 7 7 6 6 w
6 7 7 7 5 w
6 7 7 8 3 w
6 7 7 9 6 w
6 7 8 1 6 w
6 7 8 2 7 w
6 7 8 3 1 w
6 7 8 4 9 w
6 7 8 5 9 w
6 7 8 6 3 w
6 7 8 7 3 w
6 7 8 8 8 w
6 7 8 9 7 w
6 7 9 1 6 w
6 7 9 2 3 w
6 7 9 3 8 w
6 7 9 4 4 w
6 7 9 5 2 w
6 7 9 6 4 w
6 7 9 7 7 w
6 7 9 8 1 w
6 7 9 9 2 w
6 8 1 1 4 w
6 8 1 2 3 w
6 8 1 3 4 t
6 8 1 4 7 t
6 8 1 5 5 w
6 8 1 6 1 w
6 8 1 7 4 t
6 8 1 8 7 w
6 8 1 9 8 w
6 8 2 1 7 w
6 8 2 2 5 w
6 8 2 3 4 w
6 8 2 4 6 w
6 8 2 5 8 w
6 8 2 6 3 w
6 8 2 7 4 w
6 8 2 8 4 w
6 8 2 9 1 w
6 8 3 1 5 w
6 8 3 2 3 w
6 8 3 3 7 w
6 8 3 4 8 w
6 8 3 5 2 w
6 8 3 6 8 w
6 8 3 7 7 w
6 8 3 8 5 w
6 8 3 9 2 w
6 8 4 1 6 w
6 8 4 2 4 w
6 8 4 3 7 w
6 8 4 4 9 w
6 8 4 5 9 w
6 8 4 6 3 w
6 8 4 7 3 w
6 8 4 8 3 w
6 8 4 9 9 w
6 8 5 1 9 w
6 8 5 2 5 w
6 8 5 3 8 w
6 8 5 4 2 w
6 8 5 5 1 w
6 8 5 6 2 w
6 8 5 7 5 w
6 8 5 8 8 w
6 8 5 9 7 w
6 8 6 1 6 w
6 8 6 2 4 w
6 8 6 3 1 w
6 8 6 4 9 w
6 8 6 5 6 w
6 8 6 6 4 w
6 8 6 7 4 w
6 8 6 8 3 w
6 8 6 9 3 w
6 8 7 1 2 w
6 8 7 2 3 w
6 8 7 3 2 w
6 8 7 4 3 w
6 8 7 5 3 w
6 8 7 6 5 w
6 8 7 7 7 w
6 8 7 8 9 w
6 8 7 9 8 w
6 8 8 1 2 w
6 8 8 2 3 w
6 8 8 3 5 w
6 8 8 4 3 w
6 8 8 5 6 w
6 8 8 6 5 w
6 8 8 7 6 w
6 8 8 8 5 w
6 8 8 9 7 w
6 8 9 1 2 w
6 8 9 2 5 w
6 8 9 3 7 w
6 8 9 4 9 w
6 8 9 5 5 w
6 8 9 6 9 w
6 8 9 7 2 w
6 8 9 8 9 w
6 8 9 9 6 w
6 9 1 1 4 w
6 9 1 2 3 w
6 9 1 3 3 w
6 9 1 4 9 w
6 9 1 5 8 w
6 9 1 6 9 w
6 9 1 7 6 w
6 9 1 8 6 w
6 9 1 9 5 w
6 9 2 1 6 w
6 9 2 2 3 w
6 9 2 3 4 w
6 9 2 4 5 w
6 9 2 5 2 w
6 9 2 6 9 w
6 9 2 7 7 w
6 9 2 8 8 w
6 9 2 9 1 w
6 9 3 1 8 w
6 9 3 2 1 w
6 9 3 3 6 w
6 9 3 4 5 w
6 9 3 5 7 w
6 9 3 6 7 w
6 9 3 7 7 w
6 9 3 8 4 w
6 9 3 9 3 w
6 9 4 1 8 w
6 9 4 2 4 w
6 9 4 3 7 w
6 9 4 4 2 w
6 9 4 5 6 w
6 9 4 6 5 w
6 9 4 7 2 w
6 9 4 8 1 w
6 9 4 9 3 w
6 9 5 1 8 w
6 9 5 2 8 w
6 9 5 3 8 w
6 9 5 4 2 w
6 9 5 5 1 w
6 9 5 6 3 w
6 9 5 7 2 w
6 9 5 8 5 w
6 9 5 9 3 w
6 9 6 1 1 w
6 9 6 2 6 w
6 9 6 3 8 w
6 9 6 4 8 w
6 9 6 5 2 w
6 9 6 6 9 w
6 9 6 7 1 w
6 9 6 8 4 w
6 9 6 9 3 w
6 9 7 1 2 w
6 9 7 2 1 t
6 9 7 3 4 w
6 9 7 4 2 w
6 9 7 5 5 w
6 9 7 6 2 w
6 9 7 7 3 w
6 9 7 8 3 w
6 9 7 9 4 w
6 9 8 1 9 w
6 9 8 2 1 w
6 9 8 3 9 w
6 9 8 4 8 w
6 9 8 5 4 w
6 9 8 6 9 w
6 9 8 7 1 w
6 9 8 8 3 w
6 9 8 9 7 w
6 9 9 1 7 w
6 9 9 2 5 w
6 9 9 3 6 w
6 9 9 4 7 w
6 9 9 5 9 w
6 9 9 6 5 w
6 9 9 7 4 w
6 9 9 8 5 w
6 9 9 9 1 w
7 1 1 1 3 w
7 1 1 2 7 w
7 1 1 3 4 w
7 1 1 4 4 w
7 1 1 5 4 w
7 1 1 6 6 w
7 1 1 7 5 w
7 1 1 8 2 w
7 1 1 9 7 w
7 1 2 1 9 w
7 1 2 2 9 w
7 1 2 3 7 w
7 1 2 4 5 w
7 1 2 5 8 w
7 1 2 6 1 w
7 1 2 7 2 w
7 1 2 8 2 w
7 1 2 9 9 w
7 1 3 1 2 w
7 1 3 2 5 w
7 1 3 3 4 w
7 1 3 4 8 w
7 1 3 5 7 w
7 1 3 6 5 w
7 1 3 7 4 w
7 1 3 8 4 w
7 1 3 9 9 w
7 1 4 1 5 w
7 1 4 2 1 w
7 1 4 3 2 w
7 1 4 4 7 w
7 1 4 5 2 w
7 1 4 6 9 w
7 1 4 7 2 w
7 1 4 8 7 w
7 1 4 9 3 w
7 1 5 1 7 w
7 1 5 2 7 w
7 1 5 3 8 w
7 1 5 4 6 w
7 1 5 5 3 w
7 1 5 6 4 w
7 1 5 7 8 w
7 1 5 8 1 w
7 1 5 9 6 w
7 1 6 1 8 w
7 1 6 2 1 w
7 1 6 3 8 w
7 1 6 4 4 w
7 1 6 5 4 w
7 1 6 6 9 w
7 1 6 7 4 w
7 1 6 8 9 t
7 1 6 9 8 w
7 1 7 1 7 w
7 1 7 2 1 w
7 1 7 3 6 w
7 1 7 4 6 w
7 1 7 5 7 w
7 1 7 6 2 w
7 1 7 7 9 w
7 1 7 8 9 w
7 1 7 9 4 w
7 1 8 1 5 w
7 1 8 2 5 w
7 1 8 3 5 w
7 1 8 4 8 w
7 1 8 5 2 w
7 1 8 6 8 w
7 1 8 7 4 w
7 1 8 8 7 w
7 1 8 9 7 w
7 1 9 1 7 w
7 1 9 2 9 w
7 1 9 3 8 w
7 1 9 4 7 w
7 1 9 5 3 w
7 1 9 6 6 w
7 1 9 7 2 w
7 1 9 8 3 w
7 1 9 9 7 w
7 2 1 1 7 w
7 2 1 2 8 w
7 2 1 3 8 w
7 2 1 4 7 w
7 2 1 5 8 w
7 2 1 6 2 w
7 2 1 7 4 w
7 2 1 8 4 w
7 2 1 9 8 w
7 2 2 1 4 w
7 2 2 2 8 w
7 2 2 3 1 w
7 2 2 4 4 w
7 2 2 5 4 w
7 2 2 6 5 w
7 2 2 7 5 w
7 2 2 8 6 w
7 2 2 9 8 w
7 2 3 1 5 w
7 2 3 2 2 w
7 2 3 3 9 w
7 2 3 4 9 w
7 2 3 5 5 w
7 2 3 6 4 w
7 2 3 7 8 w
7 2 3 8 1 w
7 2 3 9 1 w
7 2 4 1 5 w
7 2 4 2 1 w
7 2 4 3 5 w
7 2 4 4 7 w
7 2 4 5 4 w
7 2 4 6 9 w
7 2 4 7 7 w
7 2 4 8 7 w
7 2 4 9 7 w
7 2 5 1 6 w
7 2 5 2 4 w
7 2 5 3 4 w
7 2 5 4 5 w
7 2 5 5 8 w
7 2 5 6 6 w
7 2 5 7 5 w
7 2 5 8 9 w
7 2 5 9 9 w
7 2 6 1 5 w
7 2 6 2 2 w
7 2 6 3 4 w
7 2 6 4 6 w
7 2 6 5 1 w
7 2 6 6 3 w
7 2 6 7 4 w
7 2 6 8 5 w
7 2 6 9 6 w
7 2 7 1 7 w
7 2 7 2 4 w
7 2 7 3 1 w
7 2 7 4 2 w
7 2 7 5 8 w
7 2 7 6 5 w
7 2 7 7 3 w
7 2 7 8 7 w
7 2 7 9 4 w
7 2 8 1 6 w
7 2 8 2 1 w
7 2 8 3 1 w
7 2 8 4 9 w
7 2 8 5 6 w
7 2 8 6 2 w
7 2 8 7 6 w
7 2 8 8 1 w
7 2 8 9 9 w
7 2 9 1 5 w
7 2 9 2 9 w
7 2 9 3 6 t
7 2 9 4 6 t
7 2 9 5 6 w
7 2 9 6 3 t
7 2 9 7 5 w
7 2 9 8 7 w
7 2 9 9 8 w
7 3 1 1 2 w
7 3 1 2 3 w
7 3 1 3 3 w
7 3 1 4 1 w
7 3 1 5 1 w
7 3 1 6 7 w
7 3 1 7 6 w
7 3 1 8 5 w
7 3 1 9 2 w
7 3 2 1 5 w
7 3 2 2 7 w
7 3 2 3 6 w
7 3 2 4 3 w
7 3 2 5 3 w
7 3 2 6 7 w
7 3 2 7 3 w
7 3 2 8 1 w
7 3 2 9 8 w
7 3 3 1 4 w
7 3 3 2 8 w
7 3 3 3 4 w
7 3 3 4 3 w
7 3 3 5 8 w
7 3 3 6 8 w
7 3 3 7 2 w
7 3 3 8 9 w
7 3 3 9 3 w
7 3 4 1 7 w
7 3 4 2 9 w
7 3 4 3 9 w
7 3 4 4 8 w
7 3 4 5 9 w
7 3 4 6 2 w
7 3 4 7 7 w
7 3 4 8 9 w
7 3 4 9 8 t
7 3 5 1 2 w
7 3 5 2 4 w
7 3 5 3 6 w
7 3 5 4 1 w
7 3 5 5 2 w
7 3 5 6 3 w
7 3 5 7 4 w
7 3 5 8 8 w
7 3 5 9 2 w
7 3 6 1 7 w
7 3 6 2 4 w
7 3 6 3 5 w
7 3 6 4 4 w
7 3 6 5 3 w
7 3 6 6 7 w
7 3 6 7 3 w
7 3 6 8 6 w
7 3 6 9 6 w
7 3 7 1 9 w
7 3 7 2 8 w
7 3 7 3 1 w
7 3 7 4 9 w
7 3 7 5 7 w
7 3 7 6 8 w
7 3 7 7 3 w
7 3 7 8 9 w
7 3 7 9 3 w
7 3 8 1 8 w
7 3 8 2 1 w
7 3 8 3 7 w
7 3 8 4 5 w
7 3 8 5 7 w
7 3 8 6 1 w
7 3 8 7 1 w
7 3 8 8 3 w
7 3 8 9 2 w
7 3 9 1 8 w
7 3 9 2 3 w
7 3 9 3 8 w
7 3 9 4 6 w
7 3 9 5 5 w
7 3 9 6 1 w
7 3 9 7 4 w
7 3 9 8 8 w
7 3 9 9 4 w
7 4 1 1 2 w
7 4 1 2 3 w
7 4 1 3 6 w
7 4 1 4 2 w
7 4 1 5 2 w
7 4 1 6 7 w
7 4 1 7 9 w
7 4 1 8 4 w
7 4 1 9 4 w
7 4 2 1 1 w
7 4 2 2 6 w
7 4 2 3 2 w
7 4 2 4 2 w
7 4 2 5 2 w
7 4 2 6 4 w
7 4 2 7 8 w
7 4 2 8 8 w
7 4 2 9 6 w
7 4 3 1 6 w
7 4 3 2 7 w
7 4 3 3 7 w
7 4 3 4 1 w
7 4 3 5 6 w
7 4 3 6 3 w
7 4 3 7 5 w
7 4 3 8 8 w
7 4 3 9 6 w
7 4 4 1 5 w
7 4 4 2 1 w
7 4 4 3 7 w
7 4 4 4 7 w
7 4 4 5 7 w
7 4 4 6 1 w
7 4 4 7 4 w
7 4 4 8 7 w
7 4 4 9 9 w
7 4 5 1 2 w
7 4 5 2 5 w
7 4 5 3 5 w
7 4 5 4 4 w
7 4 5 5 4 w
7 4 5 6 6 w
7 4 5 7 5 w
7 4 5 8 9 w
7 4 5 9 1 w
7 4 6 1 5 w
7 4 6 2 1 w
7 4 6 3 2 w
7 4 6 4 4 w
7 4 6 5 3 w
7 4 6 6 8 w
7 4 6 7 4 w
7 4 6 8 2 w
7 4 6 9 8 w
7 4 7 1 9 w
7 4 7 2 8 w
7 4 7 3 4 w
7 4 7 4 2 w
7 4 7 5 1 w
7 4 7 6 9 w
7 4 7 7 5 w
7 4 7 8 8 w
7 4 7 9 7 w
7 4 8 1 7 w
7 4 8 2 3 w
7 4 8 3 2 w
7 4 8 4 2 w
7 4 8 5 5 w
7 4 8 6 8 w
7 4 8 7 9 w
7 4 8 8 9 w
7 4 8 9 9 w
7 4 9 1 1 w
7 4 9 2 3 t
7 4 9 3 2 w
7 4 9 4 5 w
7 4 9 5 8 w
7 4 9 6 2 w
7 4 9 7 1 w
7 4 9 8 1 w
7 4 9 9 4 w
7 5 1 1 3 w
7 5 1 2 5 w
7 5 1 3 5 w
7 5 1 4 9 w
7 5 1 5 2 w
7 5 1 6 7 w
7 5 1 7 6 w
7 5 1 8 4 w
7 5 1 9 5 w
7 5 2 1 2 w
7 5 2 2 3 w
7 5 2 3 4 w
7 5 2 4 3 w
7 5 2 5 7 w
7 5 2 6 5 w
7 5 2 7 7 w
7 5 2 8 1 w
7 5 2 9 9 w
7 5 3 1 5 w
7 5 3 2 6 w
7 5 3 3 8 w
7 5 3 4 2 w
7 5 3 5 3 w
7 5 3 6 3 w
7 5 3 7 7 w
7 5 3 8 6 w
7 5 3 9 2 w
7 5 4 1 3 w
7 5 4 2 1 w
7 5 4 3 6 w
7 5 4 4 1 w
7 5 4 5 5 w
7 5 4 6 7 w
7 5 4 7 1 w
7 5 4 8 8 w
7 5 4 9 6 w
7 5 5 1 1 w
7 5 5 2 6 w
7 5 5 3 6 w
7 5 5 4 6 w
7 5 5 5 1 w
7 5 5 6 7 w
7 5 5 7 8 w
7 5 5 8 3 w
7 5 5 9 3 w
7 5 6 1 3 w
7 5 6 2 5 w
7 5 6 3 1 w
7 5 6 4 2 w
7 5 6 5 4 w
7 5 6 6 7 w
7 5 6 7 2 w
7 5 6 8 7 w
7 5 6 9 4 w
7 5 7 1 5 w
7 5 7 2 7 w
7 5 7 3 3 w
7 5 7 4 5 w
7 5 7 5 7 w
7 5 7 6 5 w
7 5 7 7 9 w
7 5 7 8 3 w
7 5 7 9 1 w
7 5 8 1 8 w
7 5 8 2 6 w
7 5 8 3 3 w
7 5 8 4 6 w
7 5 8 5 4 w
7 5 8 6 3 w
7 5 8 7 9 w
7 5 8 8 1 w
7 5 8 9 8 w
7 5 9 1 2 w
7 5 9 2 9 w
7 5 9 3 8 w
7 5 9 4 5 w
7 5 9 5 6 w
7 5 9 6 4 w
7 5 9 7 6 w
7 5 9 8 3 w
7 5 9 9 5 w
7 6 1 1 7 w
7 6 1 2 3 t
7 6 1 3 2 t
7 6 1 4 4 w
7 6 1 5 5 w
7 6 1 6 9 w
7 6 1 7 6 w
7 6 1 8 2 t
7 6 1 9 1 w
7 6 2 1 6 w
7 6 2 2 8 w
7 6 2 3 1 w
7 6 2 4 5 w
7 6 2 5 5 w
7 6 2 6 9 w
7 6 2 7 4 w
7 6 2 8 8 w
7 6 2 9 6 w
7 6 3 1 3 w
7 6 3 2 2 w
7 6 3 3 7 w
7 6 3 4 1 w
7 6 3 5 4 w
7 6 3 6 1 w
7 6 3 7 4 w
7 6 3 8 2 w
7 6 3 9 3 w
7 6 4 1 7 w
7 6 4 2 1 w
7 6 4 3 5 w
7 6 4 4 6 w
7 6 4 5 8 w
7 6 4 6 3 w
7 6 4 7 1 w
7 6 4 8 4 w
7 6 4 9 4 w
7 6 5 1 3 w
7 6 5 2 7 w
7 6 5 3 4 w
7 6 5 4 4 w
7 6 5 5 8 w
7 6 5 6 7 w
7 6 5 7 5 w
7 6 5 8 2 w
7 6 5 9 2 w
7 6 6 1 4 w
7 6 6 2 2 w
7 6 6 3 1 w
7 6 6 4 2 w
7 6 6 5 2 w
7 6 6 6 3 w
7 6 6 7 5 w
7 6 6 8 8 w
7 6 6 9 1 w
7 6 7 1 1 w
7 6 7 2 7 w
7 6 7 3 7 w
7 6 7 4 5 w
7 6 7 5 9 w
7 6 7 6 9 w
7 6 7 7 6 w
7 6 7 8 1 w
7 6 7 9 9 w
7 6 8 1 3 w
7 6 8 2 4 w
7 6 8 3 1 w
7 6 8 4 2 w
7 6 8 5 2 w
7 6 8 6 5 w
7 6 8 7 1 w
7 6 8 8 2 w
7 6 8 9 9 w
7 6 9 1 5 w
7 6 9 2 1 w
7 6 9 3 6 w
7 6 9 4 7 w
7 6 9 5 2 w
7 6 9 6 2 w
7 6 9 7 4 w
7 6 9 8 2 w
7 6 9 9 4 w
7 7 1 1 4 w
7 7 1 2 6 w
7 7 1 3 2 w
7 7 1 4 5 w
7 7 1 5 9 w
7 7 1 6 7 w
7 7 1 7 2 w
7 7 1 8 8 w
7 7 1 9 9 w
7 7 2 1 4 w
7 7 2 2 7 w
7 7 2 3 6 w
7 7 2 4 9 w
7 7 2 5 7 w
7 7 2 6 3 w
7 7 2 7 4 w
7 7 2 8 5 w
7 7 2 9 6 w
7 7 3 1 2 w
7 7 3 2 8 w
7 7 3 3 4 w
7 7 3 4 3 w
7 7 3 5 4 w
7 7 3 6 4 w
7 7 3 7 1 w
7 7 3 8 3 w
7 7 3 9 8 w
7 7 4 1 9 w
7 7 4 2 2 w
7 7 4 3 3 w
7 7 4 4 1 w
7 7 4 5 3 w
7 7 4 6 3 w
7 7 4 7 6 w
7 7 4 8 3 w
7 7 4 9 1 w
7 7 5 1 8 w
7 7 5 2 7 w
7 7 5 3 4 w
7 7 5 4 8 w
7 7 5 5 8 w
7 7 5 6 6 w
7 7 5 7 4 w
7 7 5 8 5 w
7 7 5 9 1 w
7 7 6 1 3 w
7 7 6 2 9 w
7 7 6 3 5 w
7 7 6 4 3 w
7 7 6 5 2 w
7 7 6 6 6 w
7 7 6 7 1 w
7 7 6 8 6 w
7 7 6 9 5 w
7 7 7 1 5 w
7 7 7 2 8 w
7 7 7 3 6 w
7 7 7 4 5 w
7 7 7 5 5 w
7 7 7 6 8 w
7 7 7 7 6 w
7 7 7 8 9 w
7 7 7 9 8 w
7 7 8 1 1 w
7 7 8 2 9 w
7 7 8 3 8 w
7 7 8 4 6 w
7 7 8 5 2 w
7 7 8 6 7 w
7 7 8 7 7 w
7 7 8 8 2 w
7 7 8 9 4 w
7 7 9 1 7 w
7 7 9 2 3 w
7 7 9 3 4 w
7 7 9 4 6 w
7 7 9 5 9 w
7 7 9 6 3 w
7 7 9 7 8 w
7 7 9 8 6 w
7 7 9 9 9 w
7 8 1 1 3 w
7 8 1 2 6 w
7 8 1 3 6 w
7 8 1 4 3 w
7 8 1 5 9 w
7 8 1 6 2 t
7 8 1 7 9 w
7 8 1 8 1 w
7 8 1 9 7 w
7 8 2 1 1 w
7 8 2 2 8 w
7 8 2 3 6 w
7 8 2 4 8 w
7 8 2 5 8 w
7 8 2 6 4 w
7 8 2 7 6 w
7 8 2 8 4 w
7 8 2 9 6 w
7 8 3 1 1 w
7 8 3 2 6 w
7 8 3 3 5 w
7 8 3 4 2 w
7 8 3 5 2 w
7 8 3 6 8 w
7 8 3 7 6 w
7 8 3 8 4 w
7 8 3 9 4 w
7 8 4 1 4 w
7 8 4 2 8 w
7 8 4 3 2 w
7 8 4 4 1 w
7 8 4 5 9 w
7 8 4 6 5 w
7 8 4 7 1 w
7 8 4 8 3 w
7 8 4 9 6 w
7 8 5 1 1 w
7 8 5 2 5 w
7 8 5 3 6 w
7 8 5 4 4 w
7 8 5 5 1 w
7 8 5 6 1 w
7 8 5 7 3 w
7 8 5 8 2 w
7 8 5 9 6 w
7 8 6 1 7 w
7 8 6 2 8 w
7 8 6 3 9 w
7 8 6 4 2 w
7 8 6 5 5 w
7 8 6 6 9 w
7 8 6 7 5 w
7 8 6 8 6 w
7 8 6 9 7 w
7 8 7 1 3 w
7 8 7 2 9 w
7 8 7 3 9 w
7 8 7 4 8 w
7 8 7 5 9 w
7 8 7 6 1 w
7 8 7 7 8 w
7 8 7 8 5 w
7 8 7 9 7 w
7 8 8 1 4 w
7 8 8 2 5 w
7 8 8 3 3 w
7 8 8 4 2 w
7 8 8 5 9 w
7 8 8 6 2 w
7 8 8 7 3 w
7 8 8 8 5 w
7 8 8 9 9 w
7 8 9 1 2 w
7 8 9 2 2 w
7 8 9 3 2 w
7 8 9 4 3 w
7 8 9 5 3 w
7 8 9 6 4 w
7 8 9 7 8 w
7 8 9 8 1 w
7 8 9 9 1 w
7 9 1 1 5 w
7 9 1 2 8 w
7 9 1 3 3 w
7 9 1 4 2 w
7 9 1 5 6 w
7 9 1 6 4 w
7 9 1 7 4 w
7 9 1 8 2 w
7 9 1 9 4 w
7 9 2 1 6 w
7 9 2 2 6 w
7 9 2 3 6 w
7 9 2 4 4 w
7 9 2 5 6 w
7 9 2 6 3 t
7 9 2 7 5 w
7 9 2 8 3 w
7 9 2 9 8 w
7 9 3 1 5 w
7 9 3 2 5 w
7 9 3 3 2 w
7 9 3 4 9 w
7 9 3 5 3 w
7 9 3 6 7 w
7 9 3 7 9 w
7 9 3 8 6 w
7 9 3 9 3 w
7 9 4 1 6 w
7 9 4 2 2 w
7 9 4 3 6 w
7 9 4 4 9 w
7 9 4 5 9 w
7 9 4 6 4 w
7 9 4 7 8 w
7 9 4 8 2 w
7 9 4 9 3 w
7 9 5 1 6 w
7 9 5 2 8 w
7 9 5 3 6 w
7 9 5 4 1 w
7 9 5 5 7 w
7 9 5 6 2 w
7 9 5 7 2 w
7 9 5 8 7 w
7 9 5 9 3 w
7 9 6 1 6 w
7 9 6 2 6 w
7 9 6 3 3 w
7 9 6 4 2 w
7 9 6 5 8 w
7 9 6 6 6 w
7 9 6 7 9 w
7 9 6 8 8 w
7 9 6 9 1 w
7 9 7 1 4 w
7 9 7 2 1 w
7 9 7 3 4 w
7 9 7 4 6 w
7 9 7 5 3 w
7 9 7 6 9 w
7 9 7 7 8 w
7 9 7 8 1 w
7 9 7 9 4 w
7 9 8 1 1 w
7 9 8 2 3 w
7 9 8 3 3 w
7 9 8 4 2 w
7 9 8 5 4 w
7 9 8 6 2 w
7 9 8 7 8 w
7 9 8 8 5 w
7 9 8 9 8 w
7 9 9 1 7 w
7 9 9 2 7 w
7 9 9 3 6 w
7 9 9 4 6 w
7 9 9 5 7 w
7 9 9 6 8 w
7 9 9 7 7 w
7 9 9 8 4 w
7 9 9 9 7 w
8 1 1 1 8 w
8 1 1 2 4 w
8 1 1 3 4 w
8 1 1 4 7 w
8 1 1 5 4 w
8 1 1 6 6 w
8 1 1 7 8 w
8 1 1 8 1 w
8 1 1 9 8 w
8 1 2 1 1 w
8 1 2 2 7 w
8 1 2 3 5 w
8 1 2 4 7 w
8 1 2 5 9 w
8 1 2 6 4 w
8 1 2 7 3 w
8 1 2 8 8 w
8 1 2 9 7 w
8 1 3 1 3 w
8 1 3 2 9 w
8 1 3 3 5 w
8 1 3 4 6 t
8 1 3 5 7 w
8 1 3 6 9 t
8 1 3 7 3 w
8 1 3 8 7 w
8 1 3 9 6 t
8 1 4 1 1 w
8 1 4 2 3 w
8 1 4 3 8 w
8 1 4 4 2 w
8 1 4 5 6 w
8 1 4 6 6 w
8 1 4 7 5 w
8 1 4 8 4 w
8 1 4 9 3 w
8 1 5 1 6 w
8 1 5 2 7 w
8 1 5 3 2 w
8 1 5 4 9 w
8 1 5 5 6 w
8 1 5 6 4 w
8 1 5 7 7 w
8 1 5 8 9 w
8 1 5 9 3 w
8 1 6 1 2 w
8 1 6 2 9 w
8 1 6 3 1 w
8 1 6 4 6 w
8 1 6 5 4 w
8 1 6 6 2 w
8 1 6 7 8 w
8 1 6 8 9 w
8 1 6 9 8 w
8 1 7 1 1 w
8 1 7 2 5 w
8 1 7 3 3 w
8 1 7 4 7 w
8 1 7 5 7 w
8 1 7 6 8 w
8 1 7 7 8 w
8 1 7 8 8 w
8 1 7 9 5 w
8 1 8 1 3 w
8 1 8 2 1 w
8 1 8 3 6 w
8 1 8 4 3 w
8 1 8 5 3 w
8 1 8 6 8 w
8 1 8 7 8 w
8 1 8 8 8 w
8 1 8 9 8 w
8 1 9 1 5 w
8 1 9 2 1 w
8 1 9 3 9 w
8 1 9 4 1 w
8 1 9 5 4 w
8 1 9 6 6 w
8 1 9 7 6 w
8 1 9 8 7 w
8 1 9 9 9 w
8 2 1 1 7 w
8 2 1 2 1 w
8 2 1 3 7 w
8 2 1 4 8 w
8 2 1 5 1 w
8 2 1 6 7 w
8 2 1 7 6 w
8 2 1 8 7 w
8 2 1 9 6 w
8 2 2 1 4 w
8 2 2 2 8 w
8 2 2 3 9 w
8 2 2 4 2 w
8 2 2 5 2 w
8 2 2 6 2 w
8 2 2 7 2 w
8 2 2 8 7 w
8 2 2 9 8 w
8 2 3 1 6 w
8 2 3 2 6 w
8 2 3 3 1 w
8 2 3 4 8 w
8 2 3 5 7 w
8 2 3 6 8 w
8 2 3 7 6 w
8 2 3 8 1 w
8 2 3 9 7 w
8 2 4 1 7 w
8 2 4 2 8 w
8 2 4 3 4 w
8 2 4 4 1 w
8 2 4 5 6 w
8 2 4 6 7 w
8 2 4 7 5 w
8 2 4 8 4 w
8 2 4 9 1 w
8 2 5 1 1 w
8 2 5 2 2 w
8 2 5 3 5 w
8 2 5 4 9 w
8 2 5 5 7 w
8 2 5 6 5 w
8 2 5 7 9 w
8 2 5 8 7 w
8 2 5 9 4 w
8 2 6 1 2 w
8 2 6 2 8 w
8 2 6 3 1 w
8 2 6 4 3 w
8 2 6 5 4 w
8 2 6 6 9 w
8 2 6 7 3 w
8 2 6 8 3 w
8 2 6 9 9 w
8 2 7 1 7 w
8 2 7 2 7 w
8 2 7 3 9 w
8 2 7 4 1 w
8 2 7 5 1 w
8 2 7 6 5 w
8 2 7 7 1 w
8 2 7 8 5 w
8 2 7 9 5 w
8 2 8 1 5 w
8 2 8 2 7 w
8 2 8 3 2 w
8 2 8 4 9 w
8 2 8 5 9 w
8 2 8 6 2 w
8 2 8 7 2 w
8 2 8 8 8 w
8 2 8 9 4 w
8 2 9 1 6 w
8 2 9 2 9 w
8 2 9 3 6 t
8 2 9 4 3 w
8 2 9 5 1 w
8 2 9 6 3 w
8 2 9 7 3 w
8 2 9 8 9 w
8 2 9 9 5 w
8 3 1 1 2 w
8 3 1 2 2 w
8 3 1 3 9 w
8 3 1 4 7 t
8 3 1 5 6 w
8 3 1 6 4 t
8 3 1 7 4 t
8 3 1 8 2 w
8 3 1 9 6 w
8 3 2 1 6 w
8 3 2 2 1 w
8 3 2 3 1 w
8 3 2 4 3 w
8 3 2 5 4 w
8 3 2 6 7 w
8 3 2 7 1 w
8 3 2 8 7 w
8 3 2 9 7 w
8 3 3 1 6 w
8 3 3 2 4 w
8 3 3 3 8 w
8 3 3 4 8 w
8 3 3 5 5 w
8 3 3 6 1 w
8 3 3 7 1 w
8 3 3 8 8 w
8 3 3 9 1 w
8 3 4 1 2 w
8 3 4 2 1 w
8 3 4 3 1 w
8 3 4 4 6 w
8 3 4 5 6 w
8 3 4 6 7 w
8 3 4 7 2 w
8 3 4 8 6 w
8 3 4 9 5 w
8 3 5 1 2 w
8 3 5 2 4 w
8 3 5 3 5 w
8 3 5 4 9 w
8 3 5 5 6 w
8 3 5 6 3 w
8 3 5 7 9 w
8 3 5 8 1 w
8 3 5 9 2 w
8 3 6 1 1 w
8 3 6 2 3 w
8 3 6 3 4 w
8 3 6 4 7 w
8 3 6 5 5 w
8 3 6 6 8 w
8 3 6 7 8 w
8 3 6 8 4 w
8 3 6 9 4 w
8 3 7 1 6 w
8 3 7 2 4 w
8 3 7 3 8 w
8 3 7 4 3 w
8 3 7 5 6 w
8 3 7 6 1 w
8 3 7 7 4 w
8 3 7 8 6 w
8 3 7 9 1 w
8 3 8 1 6 w
8 3 8 2 2 w
8 3 8 3 1 w
8 3 8 4 1 w
8 3 8 5 4 w
8 3 8 6 7 w
8 3 8 7 6 w
8 3 8 8 1 w
8 3 8 9 2 w
8 3 9 1 9 w
8 3 9 2 4 w
8 3 9 3 3 w
8 3 9 4 7 w
8 3 9 5 4 w
8 3 9 6 6 w
8 3 9 7 9 w
8 3 9 8 3 w
8 3 9 9 1 w
8 4 1 1 9 w
8 4 1 2 9 w
8 4 1 3 5 w
8 4 1 4 8 w
8 4 1 5 6 w
8 4 1 6 3 w
8 4 1 7 6 w
8 4 1 8 5 w
8 4 1 9 6 w
8 4 2 1 3 w
8 4 2 2 2 w
8 4 2 3 6 w
8 4 2 4 8 w
8 4 2 5 7 w
8 4 2 6 1 w
8 4 2 7 9 w
8 4 2 8 1 w
8 4 2 9 6 w
8 4 3 1 6 t
8 4 3 2 3 w
8 4 3 3 8 w
8 4 3 4 5 w
8 4 3 5 5 w
8 4 3 6 9 t
8 4 3 7 4 w
8 4 3 8 2 w
8 4 3 9 6 t
8 4 4 1 5 w
8 4 4 2 8 w
8 4 4 3 7 w
8 4 4 4 4 w
8 4 4 5 8 w
8 4 4 6 7 w
8 4 4 7 8 w
8 4 4 8 5 w
8 4 4 9 5 w
8 4 5 1 8 w
8 4 5 2 3 w
8 4 5 3 6 w
8 4 5 4 8 w
8 4 5 5 5 w
8 4 5 6 5 w
8 4 5 7 8 w
8 4 5 8 8 w
8 4 5 9 6 w
8 4 6 1 6 w
8 4 6 2 5 w
8 4 6 3 3 w
8 4 6 4 3 w
8 4 6 5 4 w
8 4 6 6 5 w
8 4 6 7 6 w
8 4 6 8 9 w
8 4 6 9 3 w
8 4 7 1 5 w
8 4 7 2 6 w
8 4 7 3 1 w
8 4 7 4 4 w
8 4 7 5 7 w
8 4 7 6 8 w
8 4 7 7 3 w
8 4 7 8 3 w
8 4 7 9 4 w
8 4 8 1 2 w
8 4 8 2 1 w
8 4 8 3 4 w
8 4 8 4 5 w
8 4 8 5 9 w
8 4 8 6 8 w
8 4 8 7 1 w
8 4 8 8 4 w
8 4 8 9 6 w
8 4 9 1 4 w
8 4 9 2 2 w
8 4 9 3 4 w
8 4 9 4 3 w
8 4 9 5 8 w
8 4 9 6 6 w
8 4 9 7 3 w
8 4 9 8 8 w
8 4 9 9 9 w
8 5 1 1 4 w
8 5 1 2 8 w
8 5 1 3 1 w
8 5 1 4 7 w
8 5 1 5 4 w
8 5 1 6 3 w
8 5 1 7 3 w
8 5 1 8 3 w
8 5 1 9 2 w
8 5 2 1 9 w
8 5 2 2 4 w
8 5 2 3 7 w
8 5 2 4 8 w
8 5 2 5 9 w
8 5 2 6 1 w
8 5 2 7 9 w
8 5 2 8 4 w
8 5 2 9 2 w
8 5 3 1 4 w
8 5 3 2 3 w
8 5 3 3 1 w
8 5 3 4 4 w
8 5 3 5 2 w
8 5 3 6 9 w
8 5 3 7 4 w
8 5 3 8 6 w
8 5 3 9 2 w
8 5 4 1 7 w
8 5 4 2 1 w
8 5 4 3 8 w
8 5 4 4 3 w
8 5 4 5 1 w
8 5 4 6 1 w
8 5 4 7 8 w
8 5 4 8 4 w
8 5 4 9 6 w
8 5 5 1 8 w
8 5 5 2 3 w
8 5 5 3 8 w
8 5 5 4 2 w
8 5 5 5 5 w
8 5 5 6 4 w
8 5 5 7 4 w
8 5 5 8 3 w
8 5 5 9 5 w
8 5 6 1 9 w
8 5 6 2 9 w
8 5 6 3 1 w
8 5 6 4 1 w
8 5 6 5 3 w
8 5 6 6 1 w
8 5 6 7 4 w
8 5 6 8 5 w
8 5 6 9 2 w
8 5 7 1 4 w
8 5 7 2 7 w
8 5 7 3 6 w
8 5 7 4 2 w
8 5 7 5 4 w
8 5 7 6 1 w
8 5 7 7 6 w
8 5 7 8 1 w
8 5 7 9 8 w
8 5 8 1 6 w
8 5 8 2 3 w
8 5 8 3 5 w
8 5 8 4 7 w
8 5 8 5 6 w
8 5 8 6 9 w
8 5 8 7 5 w
8 5 8 8 3 w
8 5 8 9 2 w
8 5 9 1 2 w
8 5 9 2 9 w
8 5 9 3 1 w
8 5 9 4 1 w
8 5 9 5 8 w
8 5 9 6 4 w
8 5 9 7 1 w
8 5 9 8 6 w
8 5 9 9 5 w
8 6 1 1 9 w
8 6 1 2 6 w
8 6 1 3 4 t
8 6 1 4 7 t
8 6 1 5 3 w
8 6 1 6 4 w
8 6 1 7 4 t
8 6 1 8 4 w
8 6 1 9 2 w
8 6 2 1 5 w
8 6 2 2 7 w
8 6 2 3 3 w
8 6 2 4 2 w
8 6 2 5 4 w
8 6 2 6 5 w
8 6 2 7 9 w
8 6 2 8 6 w
8 6 2 9 2 w
8 6 3 1 8 w
8 6 3 2 2 w
8 6 3 3 5 w
8 6 3 4 2 w
8 6 3 5 8 w
8 6 3 6 4 w
8 6 3 7 4 w
8 6 3 8 8 w
8 6 3 9 4 w
8 6 4 1 1 w
8 6 4 2 6 w
8 6 4 3 2 w
8 6 4 4 9 w
8 6 4 5 8 w
8 6 4 6 7 w
8 6 4 7 2 w
8 6 4 8 8 w
8 6 4 9 4 w
8 6 5 1 2 w
8 6 5 2 2 w
8 6 5 3 9 w
8 6 5 4 2 w
8 6 5 5 6 w
8 6 5 6 7 w
8 6 5 7 2 w
8 6 5 8 2 w
8 6 5 9 4 w
8 6 6 1 7 w
8 6 6 2 9 w
8 6 6 3 7 w
8 6 6 4 8 w
8 6 6 5 9 w
8 6 6 6 8 w
8 6 6 7 5 w
8 6 6 8 7 w
8 6 6 9 2 w
8 6 7 1 6 w
8 6 7 2 9 w
8 6 7 3 1 w
8 6 7 4 2 w
8 6 7 5 9 w
8 6 7 6 8 w
8 6 7 7 1 w
8 6 7 8 3 w
8 6 7 9 7 w
8 6 8 1 6 w
8 6 8 2 5 w
8 6 8 3 2 w
8 6 8 4 9 w
8 6 8 5 6 w
8 6 8 6 1 w
8 6 8 7 6 w
8 6 8 8 4 w
8 6 8 9 4 w
8 6 9 1 9 w
8 6 9 2 6 w
8 6 9 3 7 w
8 6 9 4 6 w
8 6 9 5 7 w
8 6 9 6 7 w
8 6 9 7 9 w
8 6 9 8 4 w
8 6 9 9 2 w
8 7 1 1 9 w
8 7 1 2 6 w
8 7 1 3 6 w
8 7 1 4 6 w
8 7 1 5 4 w
8 7 1 6 3 t
8 7 1 7 4 w
8 7 1 8 1 w
8 7 1 9 3 w
8 7 2 1 6 w
8 7 2 2 3 w
8 7 2 3 5 w
8 7 2 4 9 w
8 7 2 5 5 w
8 7 2 6 3 w
8 7 2 7 7 w
8 7 2 8 3 w
8 7 2 9 8 w
8 7 3 1 7 w
8 7 3 2 8 w
8 7 3 3 2 w
8 7 3 4 4 w
8 7 3 5 8 w
8 7 3 6 2 w
8 7 3 7 5 w
8 7 3 8 5 w
8 7 3 9 2 w
8 7 4 1 7 w
8 7 4 2 3 w
8 7 4 3 6 w
8 7 4 4 3 w
8 7 4 5 2 w
8 7 4 6 6 w
8 7 4 7 1 w
8 7 4 8 2 w
8 7 4 9 4 w
8 7 5 1 6 w
8 7 5 2 9 w
8 7 5 3 9 w
8 7 5 4 9 w
8 7 5 5 2 w
8 7 5 6 2 w
8 7 5 7 2 w
8 7 5 8 6 w
8 7 5 9 7 w
8 7 6 1 7 w
8 7 6 2 2 w
8 7 6 3 7 w
8 7 6 4 7 w
8 7 6 5 5 w
8 7 6 6 3 w
8 7 6 7 8 w
8 7 6 8 1 w
8 7 6 9 9 w
8 7 7 1 9 w
8 7 7 2 8 w
8 7 7 3 6 w
8 7 7 4 7 w
8 7 7 5 9 w
8 7 7 6 5 w
8 7 7 7 8 w
8 7 7 8 4 w
8 7 7 9 4 w
8 7 8 1 8 w
8 7 8 2 4 w
8 7 8 3 9 w
8 7 8 4 2 w
8 7 8 5 9 w
8 7 8 6 6 w
8 7 8 7 7 w
8 7 8 8 4 w
8 7 8 9 6 w
8 7 9 1 2 w
8 7 9 2 4 w
8 7 9 3 5 w
8 7 9 4 1 w
8 7 9 5 1 w
8 7 9 6 2 w
8 7 9 7 9 w
8 7 9 8 4 w
8 7 9 9 9 w
8 8 1 1 4 w
8 8 1 2 6 w
8 8 1 3 4 w
8 8 1 4 7 w
8 8 1 5 1 w
8 8 1 6 7 w
8 8 1 7 1 w
8 8 1 8 4 w
8 8 1 9 2 w
8 8 2 1 7 w
8 8 2 2 7 w
8 8 2 3 6 w
8 8 2 4 2 w
8 8 2 5 9 w
8 8 2 6 4 w
8 8 2 7 7 w
8 8 2 8 4 w
8 8 2 9 4 w
8 8 3 1 5 w
8 8 3 2 6 w
8 8 3 3 7 w
8 8 3 4 3 w
8 8 3 5 6 w
8 8 3 6 3 w
8 8 3 7 5 w
8 8 3 8 8 w
8 8 3 9 1 w
8 8 4 1 8 w
8 8 4 2 4 w
8 8 4 3 5 w
8 8 4 4 3 w
8 8 4 5 9 w
8 8 4 6 8 w
8 8 4 7 3 w
8 8 4 8 5 w
8 8 4 9 8 w
8 8 5 1 6 w
8 8 5 2 6 w
8 8 5 3 9 w
8 8 5 4 7 w
8 8 5 5 7 w
8 8 5 6 3 w
8 8 5 7 8 w
8 8 5 8 7 w
8 8 5 9 8 w
8 8 6 1 4 w
8 8 6 2 8 w
8 8 6 3 3 w
8 8 6 4 2 w
8 8 6 5 3 w
8 8 6 6 1 w
8 8 6 7 3 w
8 8 6 8 6 w
8 8 6 9 8 w
8 8 7 1 7 w
8 8 7 2 9 w
8 8 7 3 8 w
8 8 7 4 5 w
8 8 7 5 1 w
8 8 7 6 4 w
8 8 7 7 7 w
8 8 7 8 1 w
8 8 7 9 9 w
8 8 8 1 3 w
8 8 8 2 8 w
8 8 8 3 5 w
8 8 8 4 1 w
8 8 8 5 1 w
8 8 8 6 1 w
8 8 8 7 8 w
8 8 8 8 3 w
8 8 8 9 7 w
8 8 9 1 5 w
8 8 9 2 3 w
8 8 9 3 8 w
8 8 9 4 3 w
8 8 9 5 7 w
8 8 9 6 1 w
8 8 9 7 8 w
8 8 9 8 7 w
8 8 9 9 8 w
8 9 1 1 6 w
8 9 1 2 9 w
8 9 1 3 8 w
8 9 1 4 6 w
8 9 1 5 5 w
8 9 1 6 7 w
8 9 1 7 5 w
8 9 1 8 8 w
8 9 1 9 7 w
8 9 2 1 2 w
8 9 2 2 5 w
8 9 2 3 6 w
8 9 2 4 6 w
8 9 2 5 9 w
8 9 2 6 8 w
8 9 2 7 4 w
8 9 2 8 3 w
8 9 2 9 8 w
8 9 3 1 4 w
8 9 3 2 4 w
8 9 3 3 6 w
8 9 3 4 1 t
8 9 3 5 8 w
8 9 3 6 7 w
8 9 3 7 2 w
8 9 3 8 7 w
8 9 3 9 6 w
8 9 4 1 4 w
8 9 4 2 3 w
8 9 4 3 7 w
8 9 4 4 1 w
8 9 4 5 5 w
8 9 4 6 5 w
8 9 4 7 1 w
8 9 4 8 8 w
8 9 4 9 8 w
8 9 5 1 2 w
8 9 5 2 5 w
8 9 5 3 4 w
8 9 5 4 6 w
8 9 5 5 6 w
8 9 5 6 6 w
8 9 5 7 2 w
8 9 5 8 1 w
8 9 5 9 8 w
8 9 6 1 6 w
8 9 6 2 7 w
8 9 6 3 6 w
8 9 6 4 9 w
8 9 6 5 8 w
8 9 6 6 6 w
8 9 6 7 4 w
8 9 6 8 8 w
8 9 6 9 4 w
8 9 7 1 1 w
8 9 7 2 6 w
8 9 7 3 7 w
8 9 7 4 3 w
8 9 7 5 4 w
8 9 7 6 3 w
8 9 7 7 8 w
8 9 7 8 8 w
8 9 7 9 5 w
8 9 8 1 8 w
8 9 8 2 1 w
8 9 8 3 7 w
8 9 8 4 4 w
8 9 8 5 9 w
8 9 8 6 6 w
8 9 8 7 3 w
8 9 8 8 9 w
8 9 8 9 8 w
8 9 9 1 2 w
8 9 9 2 2 w
8 9 9 3 7 w
8 9 9 4 2 w
8 9 9 5 6 w
8 9 9 6 7 w
8 9 9 7 4 w
8 9 9 8 2 w
8 9 9 9 5 w
9 1 1 1 2 w
9 1 1 2 8 w
9 1 1 3 8 w
9 1 1 4 5 w
9 1 1 5 8 w
9 1 1 6 8 w
9 1 1 7 7 w
9 1 1 8 7 w
9 1 1 9 3 w
9 1 2 1 8 w
9 1 2 2 4 w
9 1 2 3 8 w
9 1 2 4 6 w
9 1 2 5 4 w
9 1 2 6 5 w
9 1 2 7 7 w
9 1 2 8 9 w
9 1 2 9 5 w
9 1 3 1 6 w
9 1 3 2 4 w
9 1 3 3 9 w
9 1 3 4 6 w
9 1 3 5 3 w
9 1 3 6 2 w
9 1 3 7 8 w
9 1 3 8 4 w
9 1 3 9 3 w
9 1 4 1 3 w
9 1 4 2 3 w
9 1 4 3 2 t
9 1 4 4 8 w
9 1 4 5 6 w
9 1 4 6 6 w
9 1 4 7 7 w
9 1 4 8 3 w
9 1 4 9 6 w
9 1 5 1 6 w
9 1 5 2 3 w
9 1 5 3 3 w
9 1 5 4 1 w
9 1 5 5 3 w
9 1 5 6 7 w
9 1 5 7 4 w
9 1 5 8 6 w
9 1 5 9 7 w
9 1 6 1 7 w
9 1 6 2 2 w
9 1 6 3 3 w
9 1 6 4 9 w
9 1 6 5 5 w
9 1 6 6 8 w
9 1 6 7 8 w
9 1 6 8 8 w
9 1 6 9 4 w
9 1 7 1 5 w
9 1 7 2 8 w
9 1 7 3 3 w
9 1 7 4 8 w
9 1 7 5 4 w
9 1 7 6 8 w
9 1 7 7 3 w
9 1 7 8 2 w
9 1 7 9 4 w
9 1 8 1 4 w
9 1 8 2 8 w
9 1 8 3 2 w
9 1 8 4 3 w
9 1 8 5 2 w
9 1 8 6 5 w
9 1 8 7 5 w
9 1 8 8 8 w
9 1 8 9 3 w
9 1 9 1 3 w
9 1 9 2 9 w
9 1 9 3 2 w
9 1 9 4 2 w
9 1 9 5 2 w
9 1 9 6 5 w
9 1 9 7 1 w
9 1 9 8 5 w
9 1 9 9 8 w
9 2 1 1 9 w
9 2 1 2 5 w
9 2 1 3 5 w
9 2 1 4 2 w
9 2 1 5 7 w
9 2 1 6 1 w
9 2 1 7 7 w
9 2 1 8 8 w
9 2 1 9 3 w
9 2 2 1 8 w
9 2 2 2 7 w
9 2 2 3 1 w
9 2 2 4 9 w
9 2 2 5 4 w
9 2 2 6 9 w
9 2 2 7 6 w
9 2 2 8 1 w
9 2 2 9 4 w
9 2 3 1 6 w
9 2 3 2 7 w
9 2 3 3 4 w
9 2 3 4 4 w
9 2 3 5 5 w
9 2 3 6 1 w
9 2 3 7 5 w
9 2 3 8 9 w
9 2 3 9 4 w
9 2 4 1 9 w
9 2 4 2 4 w
9 2 4 3 4 w
9 2 4 4 6 w
9 2 4 5 5 w
9 2 4 6 4 w
9 2 4 7 6 w
9 2 4 8 2 w
9 2 4 9 5 w
9 2 5 1 9 w
9 2 5 2 5 w
9 2 5 3 4 w
9 2 5 4 3 w
9 2 5 5 2 w
9 2 5 6 6 w
9 2 5 7 2 w
9 2 5 8 9 w
9 2 5 9 1 w
9 2 6 1 6 w
9 2 6 2 8 w
9 2 6 3 7 w
9 2 6 4 9 w
9 2 6 5 6 w
9 2 6 6 3 w
9 2 6 7 3 w
9 2 6 8 9 w
9 2 6 9 1 w
9 2 7 1 4 t
9 2 7 2 7 w
9 2 7 3 6 w
9 2 7 4 1 t
9 2 7 5 6 w
9 2 7 6 4 t
9 2 7 7 5 w
9 2 7 8 6 w
9 2 7 9 6 w
9 2 8 1 7 w
9 2 8 2 7 w
9 2 8 3 2 w
9 2 8 4 6 w
9 2 8 5 7 w
9 2 8 6 3 w
9 2 8 7 7 w
9 2 8 8 9 w
9 2 8 9 6 w
9 2 9 1 8 w
9 2 9 2 8 w
9 2 9 3 6 w
9 2 9 4 6 w
9 2 9 5 2 w
9 2 9 6 4 w
9 2 9 7 5 w
9 2 9 8 2 w
9 2 9 9 8 w
9 3 1 1 3 w
9 3 1 2 6 w
9 3 1 3 6 w
9 3 1 4 7 w
9 3 1 5 5 w
9 3 1 6 1 w
9 3 1 7 4 w
9 3 1 8 3 w
9 3 1 9 9 w
9 3 2 1 5 w
9 3 2 2 3 w
9 3 2 3 6 w
9 3 2 4 8 w
9 3 2 5 7 w
9 3 2 6 6 w
9 3 2 7 3 w
9 3 2 8 3 w
9 3 2 9 4 w
9 3 3 1 6 w
9 3 3 2 2 w
9 3 3 3 4 w
9 3 3 4 9 w
9 3 3 5 7 w
9 3 3 6 6 w
9 3 3 7 7 w
9 3 3 8 7 w
9 3 3 9 4 w
9 3 4 1 8 w
9 3 4 2 6 w
9 3 4 3 3 w
9 3 4 4 8 w
9 3 4 5 1 w
9 3 4 6 2 w
9 3 4 7 8 w
9 3 4 8 7 t
9 3 4 9 4 w
9 3 5 1 2 w
9 3 5 2 3 w
9 3 5 3 8 w
9 3 5 4 2 w
9 3 5 5 4 w
9 3 5 6 4 w
9 3 5 7 1 w
9 3 5 8 2 w
9 3 5 9 5 w
9 3 6 1 6 w
9 3 6 2 2 w
9 3 6 3 6 w
9 3 6 4 5 w
9 3 6 5 4 w
9 3 6 6 4 w
9 3 6 7 1 w
9 3 6 8 2 w
9 3 6 9 4 w
9 3 7 1 9 w
9 3 7 2 1 w
9 3 7 3 4 w
9 3 7 4 6 w
9 3 7 5 7 w
9 3 7 6 8 w
9 3 7 7 5 w
9 3 7 8 6 w
9 3 7 9 4 w
9 3 8 1 9 w
9 3 8 2 6 w
9 3 8 3 7 w
9 3 8 4 7 w
9 3 8 5 3 w
9 3 8 6 2 w
9 3 8 7 9 w
9 3 8 8 6 w
9 3 8 9 6 w
9 3 9 1 4 w
9 3 9 2 9 w
9 3 9 3 7 w
9 3 9 4 2 w
9 3 9 5 8 w
9 3 9 6 7 w
9 3 9 7 4 w
9 3 9 8 4 w
9 3 9 9 7 w
9 4 1 1 2 w
9 4 1 2 1 w
9 4 1 3 1 w
9 4 1 4 3 w
9 4 1 5 8 w
9 4 1 6 8 w
9 4 1 7 2 w
9 4 1 8 5 w
9 4 1 9 1 w
9 4 2 1 8 w
9 4 2 2 5 w
9 4 2 3 3 w
9 4 2 4 8 w
9 4 2 5 9 w
9 4 2 6 6 w
9 4 2 7 1 w
9 4 2 8 4 w
9 4 2 9 5 w
9 4 3 1 2 t
9 4 3 2 1 t
9 4 3 3 8 w
9 4 3 4 4 w
9 4 3 5 9 w
9 4 3 6 2 w
9 4 3 7 8 w
9 4 3 8 2 t
9 4 3 9 8 w
9 4 4 1 7 w
9 4 4 2 6 w
9 4 4 3 6 w
9 4 4 4 3 w
9 4 4 5 2 w
9 4 4 6 9 w
9 4 4 7 5 w
9 4 4 8 3 w
9 4 4 9 2 w
9 4 5 1 8 w
9 4 5 2 8 w
9 4 5 3 5 w
9 4 5 4 2 w
9 4 5 5 2 w
9 4 5 6 8 w
9 4 5 7 1 w
9 4 5 8 3 w
9 4 5 9 8 w
9 4 6 1 9 w
9 4 6 2 7 w
9 4 6 3 5 w
9 4 6 4 7 w
9 4 6 5 5 w
9 4 6 6 3 w
9 4 6 7 4 w
9 4 6 8 2 w
9 4 6 9 8 w
9 4 7 1 1 w
9 4 7 2 8 w
9 4 7 3 9 w
9 4 7 4 6 w
9 4 7 5 3 w
9 4 7 6 7 w
9 4 7 7 8 w
9 4 7 8 4 w
9 4 7 9 5 w
9 4 8 1 1 w
9 4 8 2 8 w
9 4 8 3 2 w
9 4 8 4 8 w
9 4 8 5 8 w
9 4 8 6 1 w
9 4 8 7 3 w
9 4 8 8 1 w
9 4 8 9 8 w
9 4 9 1 7 w
9 4 9 2 9 w
9 4 9 3 8 w
9 4 9 4 2 w
9 4 9 5 2 w
9 4 9 6 6 w
9 4 9 7 3 w
9 4 9 8 7 w
9 4 9 9 8 w
9 5 1 1 6 w
9 5 1 2 6 w
9 5 1 3 9 w
9 5 1 4 3 w
9 5 1 5 2 w
9 5 1 6 9 w
9 5 1 7 7 w
9 5 1 8 3 w
9 5 1 9 6 w
9 5 2 1 2 w
9 5 2 2 6 w
9 5 2 3 2 w
9 5 2 4 6 w
9 5 2 5 9 w
9 5 2 6 5 w
9 5 2 7 4 w
9 5 2 8 5 w
9 5 2 9 3 w
9 5 3 1 4 w
9 5 3 2 5 w
9 5 3 3 7 w
9 5 3 4 9 w
9 5 3 5 2 w
9 5 3 6 5 w
9 5 3 7 2 w
9 5 3 8 5 w
9 5 3 9 6 w
9 5 4 1 4 w
9 5 4 2 7 w
9 5 4 3 1 w
9 5 4 4 9 w
9 5 4 5 3 w
9 5 4 6 7 w
9 5 4 7 3 w
9 5 4 8 1 w
9 5 4 9 4 w
9 5 5 1 6 w
9 5 5 2 1 w
9 5 5 3 4 w
9 5 5 4 7 w
9 5 5 5 8 w
9 5 5 6 1 w
9 5 5 7 3 w
9 5 5 8 1 w
9 5 5 9 5 w
9 5 6 1 3 w
9 5 6 2 1 w
9 5 6 3 7 w
9 5 6 4 9 w
9 5 6 5 2 w
9 5 6 6 7 w
9 5 6 7 8 w
9 5 6 8 7 w
9 5 6 9 7 w
9 5 7 1 1 w
9 5 7 2 7 w
9 5 7 3 8 w
9 5 7 4 2 w
9 5 7 5 2 w
9 5 7 6 5 w
9 5 7 7 2 w
9 5 7 8 1 w
9 5 7 9 4 w
9 5 8 1 2 w
9 5 8 2 8 w
9 5 8 3 1 w
9 5 8 4 9 w
9 5 8 5 7 w
9 5 8 6 3 w
9 5 8 7 8 w
9 5 8 8 4 w
9 5 8 9 1 w
9 5 9 1 8 w
9 5 9 2 6 w
9 5 9 3 7 w
9 5 9 4 5 w
9 5 9 5 1 w
9 5 9 6 6 w
9 5 9 7 1 w
9 5 9 8 6 w
9 5 9 9 5 w
9 6 1 1 8 w
9 6 1 2 5 w
9 6 1 3 9 w
9 6 1 4 4 w
9 6 1 5 8 w
9 6 1 6 9 w
9 6 1 7 3 w
9 6 1 8 6 w
9 6 1 9 8 w
9 6 2 1 3 w
9 6 2 2 6 w
9 6 2 3 8 w
9 6 2 4 3 w
9 6 2 5 7 w
9 6 2 6 2 w
9 6 2 7 8 w
9 6 2 8 1 w
9 6 2 9 7 w
9 6 3 1 3 w
9 6 3 2 4 w
9 6 3 3 6 w
9 6 3 4 9 w
9 6 3 5 2 w
9 6 3 6 3 w
9 6 3 7 5 w
9 6 3 8 3 w
9 6 3 9 1 w
9 6 4 1 3 w
9 6 4 2 1 w
9 6 4 3 6 w
9 6 4 4 3 w
9 6 4 5 8 w
9 6 4 6 9 w
9 6 4 7 5 w
9 6 4 8 3 w
9 6 4 9 7 w
9 6 5 1 4 w
9 6 5 2 9 w
9 6 5 3 8 w
9 6 5 4 4 w
9 6 5 5 6 w
9 6 5 6 9 w
9 6 5 7 2 w
9 6 5 8 2 w
9 6 5 9 4 w
9 6 6 1 5 w
9 6 6 2 6 w
9 6 6 3 9 w
9 6 6 4 5 w
9 6 6 5 2 w
9 6 6 6 6 w
9 6 6 7 4 w
9 6 6 8 9 w
9 6 6 9 1 w
9 6 7 1 2 w
9 6 7 2 1 t
9 6 7 3 7 w
9 6 7 4 2 w
9 6 7 5 2 w
9 6 7 6 5 w
9 6 7 7 9 w
9 6 7 8 7 w
9 6 7 9 4 w
9 6 8 1 4 w
9 6 8 2 6 w
9 6 8 3 5 w
9 6 8 4 6 w
9 6 8 5 5 w
9 6 8 6 1 w
9 6 8 7 7 w
9 6 8 8 3 w
9 6 8 9 8 w
9 6 9 1 2 w
9 6 9 2 3 w
9 6 9 3 9 w
9 6 9 4 7 w
9 6 9 5 8 w
9 6 9 6 5 w
9 6 9 7 1 w
9 6 9 8 2 w
9 6 9 9 6 w
9 7 1 1 7 w
9 7 1 2 7 w
9 7 1 3 4 w
9 7 1 4 5 w
9 7 1 5 7 w
9 7 1 6 4 w
9 7 1 7 1 w
9 7 1 8 8 w
9 7 1 9 5 w
9 7 2 1 6 w
9 7 2 2 7 w
9 7 2 3 6 w
9 7 2 4 4 w
9 7 2 5 8 w
9 7 2 6 3 t
9 7 2 7 1 w
9 7 2 8 6 w
9 7 2 9 3 w
9 7 3 1 9 w
9 7 3 2 2 w
9 7 3 3 5 w
9 7 3 4 4 w
9 7 3 5 6 w
9 7 3 6 6 w
9 7 3 7 1 w
9 7 3 8 3 w
9 7 3 9 5 w
9 7 4 1 1 w
9 7 4 2 6 w
9 7 4 3 8 w
9 7 4 4 2 w
9 7 4 5 8 w
9 7 4 6 4 w
9 7 4 7 7 w
9 7 4 8 8 w
9 7 4 9 1 w
9 7 5 1 7 w
9 7 5 2 5 w
9 7 5 3 7 w
9 7 5 4 8 w
9 7 5 5 7 w
9 7 5 6 6 w
9 7 5 7 6 w
9 7 5 8 7 w
9 7 5 9 7 w
9 7 6 1 7 w
9 7 6 2 5 w
9 7 6 3 2 w
9 7 6 4 9 w
9 7 6 5 5 w
9 7 6 6 7 w
9 7 6 7 2 w
9 7 6 8 1 w
9 7 6 9 4 w
9 7 7 1 1 w
9 7 7 2 4 w
9 7 7 3 8 w
9 7 7 4 4 w
9 7 7 5 2 w
9 7 7 6 1 w
9 7 7 7 7 w
9 7 7 8 4 w
9 7 7 9 6 w
9 7 8 1 8 w
9 7 8 2 6 w
9 7 8 3 9 w
9 7 8 4 4 w
9 7 8 5 1 w
9 7 8 6 9 w
9 7 8 7 7 w
9 7 8 8 3 w
9 7 8 9 3 w
9 7 9 1 8 w
9 7 9 2 4 w
9 7 9 3 1 w
9 7 9 4 8 w
9 7 9 5 1 w
9 7 9 6 6 w
9 7 9 7 9 w
9 7 9 8 1 w
9 7 9 9 3 w
9 8 1 1 8 w
9 8 1 2 1 w
9 8 1 3 3 w
9 8 1 4 1 w
9 8 1 5 6 w
9 8 1 6 2 w
9 8 1 7 1 w
9 8 1 8 2 w
9 8 1 9 4 w
9 8 2 1 3 w
9 8 2 2 7 w
9 8 2 3 6 w
9 8 2 4 3 w
9 8 2 5 8 w
9 8 2 6 1 w
9 8 2 7 7 w
9 8 2 8 1 w
9 8 2 9 3 w
9 8 3 1 4 w
9 8 3 2 4 w
9 8 3 3 9 w
9 8 3 4 1 t
9 8 3 5 1 w
9 8 3 6 1 w
9 8 3 7 2 w
9 8 3 8 8 w
9 8 3 9 8 w
9 8 4 1 9 w
9 8 4 2 4 w
9 8 4 3 2 w
9 8 4 4 5 w
9 8 4 5 3 w
9 8 4 6 4 w
9 8 4 7 9 w
9 8 4 8 2 w
9 8 4 9 8 w
9 8 5 1 9 w
9 8 5 2 6 w
9 8 5 3 8 w
9 8 5 4 1 w
9 8 5 5 9 w
9 8 5 6 4 w
9 8 5 7 4 w
9 8 5 8 7 w
9 8 5 9 4 w
9 8 6 1 1 w
9 8 6 2 4 w
9 8 6 3 6 w
9 8 6 4 2 w
9 8 6 5 6 w
9 8 6 6 9 w
9 8 6 7 8 w
9 8 6 8 6 w
9 8 6 9 6 w
9 8 7 1 9 w
9 8 7 2 9 w
9 8 7 3 2 w
9 8 7 4 4 w
9 8 7 5 3 w
9 8 7 6 7 w
9 8 7 7 2 w
9 8 7 8 4 w
9 8 7 9 1 w
9 8 8 1 1 w
9 8 8 2 6 w
9 8 8 3 1 w
9 8 8 4 4 w
9 8 8 5 3 w
9 8 8 6 6 w
9 8 8 7 4 w
9 8 8 8 4 w
9 8 8 9 3 w
9 8 9 1 1 w
9 8 9 2 9 w
9 8 9 3 3 w
9 8 9 4 8 w
9 8 9 5 9 w
9 8 9 6 2 w
9 8 9 7 8 w
9 8 9 8 9 w
9 8 9 9 5 w
9 9 1 1 9 w
9 9 1 2 6 w
9 9 1 3 1 w
9 9 1 4 4 w
9 9 1 5 3 w
9 9 1 6 1 w
9 9 1 7 4 w
9 9 1 8 8 w
9 9 1 9 4 w
9 9 2 1 8 w
9 9 2 2 2 w
9 9 2 3 2 w
9 9 2 4 6 w
9 9 2 5 6 w
9 9 2 6 6 w
9 9 2 7 7 w
9 9 2 8 5 w
9 9 2 9 7 w
9 9 3 1 9 w
9 9 3 2 4 w
9 9 3 3 3 w
9 9 3 4 7 w
9 9 3 5 9 w
9 9 3 6 5 w
9 9 3 7 8 w
9 9 3 8 8 w
9 9 3 9 8 w
9 9 4 1 1 w
9 9 4 2 5 w
9 9 4 3 2 w
9 9 4 4 7 w
9 9 4 5 3 w
9 9 4 6 5 w
9 9 4 7 7 w
9 9 4 8 8 w
9 9 4 9 3 w
9 9 5 1 7 w
9 9 5 2 3 w
9 9 5 3 9 w
9 9 5 4 5 w
9 9 5 5 4 w
9 9 5 6 6 w
9 9 5 7 1 w
9 9 5 8 2 w
9 9 5 9 6 w
9 9 6 1 6 w
9 9 6 2 5 w
9 9 6 3 2 w
9 9 6 4 3 w
9 9 6 5 6 w
9 9 6 6 4 w
9 9 6 7 8 w
9 9 6 8 9 w
9 9 6 9 4 w
9 9 7 1 5 w
9 9 7 2 1 w
9 9 7 3 5 w
9 9 7 4 8 w
9 9 7 5 2 w
9 9 7 6 6 w
9 9 7 7 6 w
9 9 7 8 5 w
9 9 7 9 8 w
9 9 8 1 4 w
9 9 8 2 6 w
9 9 8 3 9 w
9 9 8 4 3 w
9 9 8 5 1 w
9 9 8 6 1 w
9 9 8 7 9 w
9 9 8 8 6 w
9 9 8 9 6 w
9 9 9 1 3 w
9 9 9 2 4 w
9 9 9 3 6 w
9 9 9 4 3 w
9 9 9 5 9 w
9 9 9 6 8 w
9 9 9 7 8 w
9 9 9 8 3 w
9 9 9 9 7 w
