1 1 0 w
1 2 3 w
1 3 2 w
1 4 7 w
1 5 1 w
1 6 3 w
1 7 4 w
1 8 7 w
1 9 2 w
2 1 3 w
2 2 3 w
2 3 1 w
2 4 1 w
2 5 1 w
2 6 3 w
2 7 1 w
2 8 3 w
2 9 3 w
3 1 2 w
3 2 1 w
3 3 2 w
3 4 1 w
3 5 7 w
3 6 9 w
3 7 2 w
3 8 9 w
3 9 6 w
4 1 7 w
4 2 1 w
4 3 1 w
4 4 7 w
4 5 1 w
4 6 1 w
4 7 1 w
4 8 7 w
4 9 7 w
5 1 0 w
5 2 8 w
5 3 7 w
5 4 6 w
5 5 1 w
5 6 4 w
5 7 3 w
5 8 2 w
5 9 3 w
6 1 3 w
6 2 3 w
6 3 9 w
6 4 3 w
6 5 2 w
6 6 4 w
6 7 9 w
6 8 9 w
6 9 3 w
7 1 4 w
7 2 1 w
7 3 6 w
7 4 1 w
7 5 1 w
7 6 9 w
7 7 3 w
7 8 9 w
7 9 8 w
8 1 7 w
8 2 1 w
8 3 9 w
8 4 7 w
8 5 1 w
8 6 9 w
8 7 9 w
8 8 7 w
8 9 7 w
9 1 6 w
9 2 3 w
9 3 6 w
9 4 7 w
9 5 1 w
9 6 3 w
9 7 8 w
9 8 7 w
9 9 3 w
